0 0 0 531.12 0.209335 -0.331021 -1.64554
0 0 1 531.224 0.121983 -0.303113 -1.69307
0 0 2 531.226 0.207122 -0.272861 -1.6807
0 0 3 531.204 0.154638 -0.184906 -1.63265
0 0 4 531.143 0.272974 -0.260018 -1.62744
0 0 5 531.197 0.20134 -0.317965 -1.70999
0 0 6 531.225 0.213513 -0.322895 -1.65898
0 0 7 531.148 0.232415 -0.22447 -1.76523
0 0 8 531.171 0.155293 -0.214671 -1.56689
0 0 9 531.227 0.183183 -0.391038 -1.60577
0 0 10 531.133 0.187858 -0.283848 -1.67193
0 0 11 531.124 0.13341 -0.37436 -1.61908
0 0 12 531.255 0.323583 -0.283665 -1.65125
0 0 13 531.088 0.198337 -0.252714 -1.63314
0 0 14 531.23 0.22783 -0.332543 -1.57634
0 0 15 531.132 0.250436 -0.299887 -1.61388
0 0 16 531.257 0.217894 -0.272861 -1.59807
0 0 17 531.134 0.15369 -0.150972 -1.66548
0 0 18 531.186 0.311636 -0.35059 -1.68181
0 0 19 531.16 0.233318 -0.31413 -1.66958
0 0 20 531.146 0.187994 -0.29663 -1.67118
0 0 21 531.166 0.114124 -0.304117 -1.68233
0 0 22 531.194 0.19111 -0.242427 -1.58169
0 0 23 531.257 0.22031 -0.292004 -1.69344
0 0 24 531.254 0.202334 -0.268265 -1.6069
0 0 25 531.228 0.22765 -0.382455 -1.63089
0 0 26 531.174 0.249917 -0.212601 -1.70248
0 0 27 531.226 0.301903 -0.264887 -1.6023
0 0 28 531.136 0.128894 -0.226662 -1.60578
0 0 29 531.248 0.298809 -0.354303 -1.68765
0 0 30 531.201 0.217284 -0.218657 -1.60209
0 0 31 531.219 0.189913 -0.242731 -1.60141
0 0 32 531.207 0.239077 -0.270761 -1.67538
0 0 33 531.236 0.238873 -0.325969 -1.68402
0 0 34 531.175 0.235441 -0.280013 -1.63925
0 0 35 531.137 0.181874 -0.22097 -1.56827
0 0 36 531.248 0.249623 -0.186671 -1.73729
0 0 37 531.272 0.174128 -0.205997 -1.59108
0 0 38 531.198 0.175415 -0.272739 -1.64596
0 0 39 531.235 0.122615 -0.289326 -1.56005
0 0 40 531.196 0.157642 -0.301439 -1.54271
0 0 41 531.229 0.179051 -0.222553 -1.53748
0 0 42 531.165 0.186142 -0.218079 -1.60517
0 0 43 531.352 0.163897 -0.17961 -1.54345
0 0 44 531.316 0.200572 -0.198693 -1.54171
0 0 45 531.193 0.305177 -0.275904 -1.65078
0 0 46 531.246 0.343569 -0.310447 -1.65615
0 0 47 531.312 0.175889 -0.274018 -1.70331
0 0 48 531.316 0.147818 -0.232079 -1.54678
0 0 49 531.167 0.289347 -0.307008 -1.59397
0 0 50 531.281 0.216426 -0.198571 -1.59186
0 0 51 531.235 0.13944 -0.243735 -1.52262
0 0 52 531.255 0.213964 -0.251314 -1.63853
0 0 53 531.225 0.252785 -0.236979 -1.65047
0 0 54 531.221 0.216561 -0.163084 -1.64325
0 0 55 531.284 0.188987 -0.21811 -1.65837
0 0 56 531.242 0.21288 -0.214336 -1.62322
0 0 57 531.278 0.112882 -0.23567 -1.59704
0 0 58 531.29 0.280607 -0.178241 -1.55544
0 0 59 531.313 0.287179 -0.15295 -1.68532
0 0 60 531.268 0.179931 -0.234757 -1.65869
0 0 61 531.121 0.198066 -0.203166 -1.55807
0 0 62 531.289 0.279568 -0.140746 -1.58193
0 0 63 531.284 0.273922 -0.210227 -1.56574
0 0 64 531.312 0.209583 -0.140441 -1.70533
0 0 65 531.353 0.284966 -0.176902 -1.59936
0 0 66 531.179 0.236796 -0.207488 -1.63513
0 0 67 531.297 0.144047 -0.178149 -1.75235
0 0 68 531.192 0.163197 -0.24054 -1.63114
0 0 69 531.219 0.203802 -0.159706 -1.55947
0 0 70 531.273 0.143911 -0.207519 -1.62874
0 0 71 531.298 0.230405 -0.20204 -1.63066
0 0 72 531.322 0.191742 -0.188467 -1.55596
0 0 73 531.209 0.185577 -0.153467 -1.70022
0 0 74 531.369 0.182912 -0.218871 -1.59359
0 0 75 531.287 0.202786 -0.115881 -1.6063
0 0 76 531.312 0.146079 -0.186367 -1.53592
0 0 77 531.346 0.161752 -0.266074 -1.55829
0 0 78 531.144 0.187858 -0.147745 -1.58676
0 0 79 531.258 0.189868 -0.180036 -1.58857
0 0 80 531.318 0.186526 -0.209132 -1.59534
0 0 81 531.168 0.221371 -0.254874 -1.59231
0 0 82 531.168 0.227604 -0.204962 -1.6174
0 0 83 531.225 0.26717 -0.280987 -1.51543
0 0 84 531.292 0.270874 -0.244983 -1.6768
0 0 85 531.304 0.236999 -0.264492 -1.59512
0 0 86 531.191 0.123248 -0.184814 -1.6487
0 0 87 531.31 0.244993 -0.210866 -1.65343
0 0 88 531.211 0.173202 -0.314891 -1.66116
0 0 89 531.176 0.275052 -0.170845 -1.67777
0 0 90 531.296 0.189845 -0.258587 -1.62098
0 0 91 531.308 0.234063 -0.297908 -1.63383
0 0 92 531.316 0.264934 -0.318421 -1.65968
0 0 93 531.342 0.197885 -0.236218 -1.68493
0 0 94 531.187 0.208612 -0.285278 -1.59686
0 0 95 531.223 0.149693 -0.252379 -1.58255
0 0 96 531.293 0.149647 -0.237831 -1.60723
0 0 97 531.242 0.262947 -0.191175 -1.65206
0 0 98 531.176 0.230856 -0.205936 -1.5939
0 0 99 531.282 0.239212 -0.313369 -1.67952
0 0 100 531.219 0.22914 -0.185606 -1.6684
0 0 101 531.178 0.25143 -0.297391 -1.59806
0 0 102 531.283 0.253191 -0.254692 -1.77521
0 0 103 531.197 0.2169 -0.375912 -1.6715
0 0 104 531.224 0.224578 -0.29033 -1.68258
0 0 105 531.27 0.214416 -0.275448 -1.71966
0 0 106 531.132 0.183183 -0.252957 -1.68307
0 0 107 531.206 0.18219 -0.314921 -1.65258
0 0 108 531.167 0.151838 -0.219844 -1.57363
0 0 109 531.187 0.158568 -0.197414 -1.6971
0 0 110 531.293 0.18167 -0.262574 -1.60587
0 0 111 531.206 0.224398 -0.363221 -1.60193
0 0 112 531.177 0.204615 -0.353695 -1.64787
0 0 113 531.224 0.133636 -0.323139 -1.6162
0 0 114 531.179 0.153554 -0.364621 -1.63329
0 0 115 531.207 0.15089 -0.405007 -1.58927
0 0 116 531.158 0.184855 -0.219357 -1.62116
0 0 117 531.196 0.298064 -0.19148 -1.65274
0 0 118 531.178 0.172276 -0.308317 -1.60486
0 0 119 531.257 0.195604 -0.238135 -1.66147
0 0 120 531.106 0.156964 -0.189988 -1.58912
0 0 121 531.166 0.186074 -0.361273 -1.70776
0 0 122 531.104 0.0817852 -0.277396 -1.65006
0 0 123 531.133 0.228011 -0.279009 -1.50084
0 0 124 531.127 0.170447 -0.284822 -1.62076
0 0 125 531.133 0.0981128 -0.307617 -1.57422
0 0 126 531.233 0.157664 -0.237435 -1.56393
0 0 127 531.161 0.156264 -0.268387 -1.67296
0 0 128 531.214 0.201408 -0.374146 -1.68418
0 0 129 531.158 0.187361 -0.284 -1.62058
0 0 130 531.209 0.129232 -0.309443 -1.61416
0 0 131 531.214 0.189823 -0.304604 -1.62629
0 0 132 531.167 0.186074 -0.312121 -1.6958
0 0 133 531.115 0.25904 -0.211201 -1.66046
0 0 134 531.273 0.178825 -0.309413 -1.67074
0 0 135 531.211 0.12729 -0.282965 -1.60903
0 0 136 531.143 0.226949 -0.253413 -1.60353
0 0 137 531.14 0.0941833 -0.290543 -1.56365
0 0 138 531.237 0.193956 -0.362247 -1.61128
0 0 139 531.177 0.16322 -0.381146 -1.62336
0 0 140 531.196 0.146418 -0.387903 -1.66876
0 0 141 531.175 0.179615 -0.336408 -1.67958
0 0 142 531.227 0.244971 -0.371377 -1.66977
0 0 143 531.117 0.153351 -0.257218 -1.63839
0 0 144 531.154 0.0905249 -0.418885 -1.68245
0 0 145 531.178 0.246665 -0.304695 -1.55053
0 0 146 531.122 0.155835 -0.398037 -1.63075
0 0 147 531.107 0.175076 -0.327552 -1.61146
0 0 148 531.178 0.191042 -0.366355 -1.61502
0 0 149 531.168 0.160939 -0.381968 -1.62674
0 0 150 531.139 0.122299 -0.356251 -1.70583
0 0 151 531.194 0.191381 -0.280196 -1.65152
0 0 152 531.101 0.148496 -0.40732 -1.63932
0 0 153 531.107 0.187948 -0.263305 -1.58903
0 0 154 531.018 0.257482 -0.318452 -1.59122
0 0 155 531.107 0.185555 -0.290026 -1.59724
0 0 156 531.208 0.190478 -0.327278 -1.54395
0 0 157 531.153 0.16471 -0.342221 -1.6737
0 0 158 531.192 0.202221 -0.346756 -1.66844
0 0 159 531.117 0.117512 -0.354699 -1.65165
0 0 160 531.153 0.171418 -0.256944 -1.61363
0 0 161 531.092 0.218639 -0.349282 -1.61286
0 0 162 531.182 0.188287 -0.389668 -1.63916
0 0 163 531.185 0.212993 -0.383277 -1.6221
0 0 164 531.171 0.170943 -0.332086 -1.64499
0 0 165 531.139 0.168391 -0.346482 -1.68636
0 0 166 531.207 0.22993 -0.288048 -1.60893
0 0 167 531.149 0.166043 -0.293313 -1.65166
0 0 168 531.168 0.248449 -0.308195 -1.59207
0 0 169 531.195 0.173179 -0.372047 -1.58734
0 0 170 531.173 0.248833 -0.294987 -1.60014
0 0 171 531.139 0.23867 -0.351838 -1.59623
0 0 172 531.18 0.133704 -0.310113 -1.6686
0 0 173 531.219 0.251113 -0.322165 -1.60503
0 0 174 531.219 0.193481 -0.388329 -1.6947
0 0 175 531.08 0.166856 -0.329682 -1.55981
0 0 176 531.169 0.0627024 -0.454828 -1.5859
0 0 177 531.222 0.180519 -0.42202 -1.62869
0 0 178 531.146 0.189236 -0.222553 -1.67388
0 0 179 531.169 0.222094 -0.373173 -1.63213
0 0 180 531.142 0.151544 -0.412281 -1.70516
0 0 181 531.182 0.180473 -0.322499 -1.64228
0 0 182 531.047 0.161842 -0.346147 -1.5785
0 0 183 531.12 0.176454 -0.334186 -1.68593
0 0 184 531.244 0.278823 -0.316686 -1.6068
0 0 185 531.247 0.270332 -0.462193 -1.59715
0 0 186 531.138 0.178938 -0.240266 -1.60744
0 0 187 531.058 0.114892 -0.33376 -1.6441
0 0 188 531.212 0.153622 -0.390307 -1.57709
0 0 189 531.151 0.244339 -0.296417 -1.68521
0 0 190 531.18 0.233205 -0.308895 -1.68992
0 0 191 531.178 0.171847 -0.367268 -1.6234
0 0 192 531.159 0.140321 -0.394781 -1.56246
0 0 193 531.118 0.158297 -0.320917 -1.63383
0 0 194 531.154 0.147389 -0.282996 -1.49956
0 0 195 531.116 0.242035 -0.352173 -1.63746
0 0 196 531.139 0.20798 -0.320917 -1.50524
0 0 197 531.017 0.180835 -0.261448 -1.64544
0 0 198 531.103 0.249736 -0.372199 -1.57266
0 0 199 531.13 0.171734 -0.289569 -1.68571
0 0 200 531.215 0.219452 -0.286922 -1.63254
0 0 201 531.133 0.178351 -0.364225 -1.64621
0 0 202 531.187 0.196778 -0.364286 -1.70822
0 0 203 531.122 0.137678 -0.311756 -1.59304
0 0 204 531.088 0.203802 -0.376246 -1.63238
0 0 205 531.095 0.250571 -0.373538 -1.6587
0 0 206 531.08 0.139079 -0.304361 -1.5841
0 0 207 531.12 0.185622 -0.307556 -1.61095
0 0 208 531.128 0.145424 -0.308834 -1.59904
0 0 209 531.04 0.144611 -0.329621 -1.65221
0 0 210 531.194 0.281736 -0.378955 -1.63494
0 0 211 531.258 0.182099 -0.347577 -1.58867
0 0 212 531.121 0.187474 -0.269544 -1.72287
0 0 213 531.172 0.111392 -0.343225 -1.64031
0 0 214 531.197 0.336884 -0.320126 -1.65911
0 0 215 531.225 0.108817 -0.36319 -1.59858
0 0 216 531.207 0.227288 -0.384829 -1.6179
0 0 217 531.226 0.198179 -0.386929 -1.59212
0 0 218 531.049 0.0849468 -0.418581 -1.71418
0 0 219 531.175 0.198517 -0.319456 -1.6384
0 0 220 531.154 0.217352 -0.380933 -1.62647
0 0 221 531.181 0.131152 -0.366355 -1.66007
0 0 222 531.189 0.15841 -0.319882 -1.7057
0 0 223 531.122 0.108975 -0.378955 -1.62583
0 0 224 531.204 0.199353 -0.2616 -1.6429
0 0 225 531.155 0.14775 -0.3106 -1.67554
0 0 226 531.163 0.230043 -0.307039 -1.54405
0 0 227 531.063 0.207709 -0.245927 -1.67058
0 0 228 531.057 0.23386 -0.448071 -1.61889
0 0 229 531.083 0.224014 -0.377616 -1.67246
0 0 230 531.121 0.133546 -0.302139 -1.62715
0 0 231 531.181 0.221484 -0.339238 -1.59217
0 0 232 531.136 0.219542 -0.307556 -1.661
0 0 233 531.145 0.0899829 -0.37299 -1.66542
0 0 234 531.128 0.233702 -0.323656 -1.5877
0 0 235 531.106 0.154119 -0.315469 -1.59261
0 0 236 531.111 0.130678 -0.382242 -1.54341
0 0 237 531.163 0.177989 -0.278674 -1.65831
0 0 238 531.188 0.186661 -0.379412 -1.59733
0 0 239 531.191 0.144566 -0.380538 -1.60037
0 0 240 531.114 0.160939 -0.263822 -1.5422
0 0 241 531.198 0.254252 -0.331143 -1.67347
0 0 242 531.092 0.12851 -0.376459 -1.55247
0 0 243 531.084 0.189303 -0.289965 -1.67677
0 0 244 531.155 0.156038 -0.2854 -1.6216
0 0 245 531.216 0.201114 -0.416055 -1.56678
0 0 246 531.268 0.159381 -0.311756 -1.58147
0 0 247 531.213 0.219113 -0.401903 -1.64018
0 0 248 531.099 0.0595634 -0.311756 -1.76382
0 0 249 531.144 0.130813 -0.359234 -1.65929
0 0 250 531.236 0.180225 -0.357042 -1.5914
0 0 251 531.103 0.056334 -0.369977 -1.59485
0 0 252 531.141 0.100778 -0.276878 -1.59922
0 0 253 531.213 0.0942511 -0.325908 -1.75032
0 0 254 531.12 0.18639 -0.215584 -1.63227
0 0 255 531.153 0.160781 -0.347395 -1.6456
0 0 256 531.226 0.145628 -0.298061 -1.48518
0 0 257 531.147 0.24601 -0.354242 -1.71085
0 0 258 531.185 0.186277 -0.384312 -1.68747
0 0 259 531.131 0.235892 -0.392924 -1.59227
0 0 260 531.132 0.110782 -0.32816 -1.59088
0 0 261 531.181 0.156648 -0.356068 -1.58021
0 0 262 531.152 0.290657 -0.413924 -1.6938
0 0 263 531.201 0.224601 -0.352903 -1.63056
0 0 264 531.148 0.253959 -0.253383 -1.67528
0 0 265 531.058 0.120538 -0.394051 -1.60717
0 0 266 531.207 0.185284 -0.314647 -1.61439
0 0 267 531.11 0.200505 -0.275174 -1.62583
0 0 268 531.093 0.173902 -0.259987 -1.73423
0 0 269 531.126 0.174466 -0.405737 -1.63252
0 0 270 531.227 0.224488 -0.31973 -1.63522
0 0 271 531.206 0.182054 -0.347516 -1.62283
0 0 272 531.167 0.215455 -0.224288 -1.65044
0 0 273 531.126 0.145899 -0.344199 -1.60136
0 0 274 531.148 0.259853 -0.336104 -1.55446
0 0 275 531.139 0.211277 -0.326699 -1.67747
0 0 276 531.205 0.242238 -0.320521 -1.68874
0 0 277 531.243 0.180812 -0.360968 -1.72869
0 0 278 531.216 0.159155 -0.259166 -1.61522
0 0 279 531.238 0.301361 -0.333364 -1.67341
0 0 280 531.174 0.211164 -0.385894 -1.52105
0 0 281 531.111 0.239461 -0.199484 -1.64036
0 0 282 531.174 0.155813 -0.282904 -1.51941
0 0 283 531.22 0.212722 -0.336682 -1.62741
0 0 284 531.203 0.195898 -0.250948 -1.61051
0 0 285 531.217 0.17826 -0.36809 -1.56919
0 0 286 531.191 0.172908 -0.258952 -1.68708
0 0 287 531.17 0.191923 -0.33166 -1.6091
0 0 288 531.096 0.121238 -0.330717 -1.58121
0 0 289 531.207 0.275752 -0.245805 -1.69138
0 0 290 531.138 0.184742 -0.2861 -1.57917
0 0 291 531.133 0.162159 -0.192697 -1.65551
0 0 292 531.246 0.230224 -0.250948 -1.67755
0 0 293 531.156 0.17196 -0.319426 -1.65669
0 0 294 531.133 0.0218044 -0.331751 -1.64649
0 0 295 531.184 0.155338 -0.38349 -1.69743
0 0 296 531.188 0.296393 -0.267018 -1.64948
0 0 297 531.181 0.213851 -0.400259 -1.72567
0 0 298 531.147 0.181648 -0.374329 -1.64362
0 0 299 531.342 0.131875 -0.320247 -1.57895
0 0 300 531.093 0.140885 -0.320369 -1.6394
0 0 301 531.208 0.206512 -0.412281 -1.5983
0 0 302 531.231 0.188671 -0.218444 -1.6416
0 0 303 531.16 0.226408 -0.282783 -1.6376
0 0 304 531.133 0.231669 -0.337351 -1.56831
0 0 305 531.14 0.151025 -0.362551 -1.62483
0 0 306 531.138 0.173857 -0.316199 -1.6121
0 0 307 531.161 0.175618 -0.298791 -1.53764
0 0 308 531.149 0.129526 -0.290148 -1.53484
0 0 309 531.235 0.175076 -0.344321 -1.59739
0 0 310 531.193 0.229976 -0.273165 -1.59711
0 0 311 531.18 0.302806 -0.252592 -1.60237
0 0 312 531.099 0.263015 -0.307313 -1.52682
0 0 313 531.179 0.199556 -0.272861 -1.67734
0 0 314 531.146 0.13953 -0.316686 -1.66267
0 0 315 531.276 0.224759 -0.2917 -1.59497
0 0 316 531.199 0.125596 -0.284365 -1.63456
0 0 317 531.148 0.181354 -0.350438 -1.54089
0 0 318 531.184 0.185126 -0.2518 -1.64418
0 0 319 531.176 0.18639 -0.217318 -1.59039
0 0 320 531.151 0.0878826 -0.298487 -1.69414
0 0 321 531.212 0.179796 -0.256457 -1.68519
0 0 322 531.135 0.203282 -0.223923 -1.58291
0 0 323 531.247 0.238986 -0.266196 -1.5541
0 0 324 531.183 0.275481 -0.199453 -1.69039
0 0 325 531.207 0.118528 -0.211384 -1.6464
0 0 326 531.216 0.0833886 -0.281139 -1.65216
0 0 327 531.159 0.127358 -0.314404 -1.57702
0 0 328 531.207 0.236073 -0.247053 -1.69267
0 0 329 531.276 0.238444 -0.381968 -1.6241
0 0 330 531.114 0.155113 -0.262422 -1.5696
0 0 331 531.222 0.171327 -0.308713 -1.682
0 0 332 531.115 0.207618 -0.219053 -1.65981
0 0 333 531.203 0.193481 -0.291761 -1.57203
0 0 334 531.166 0.215026 -0.378803 -1.67627
0 0 335 531.153 0.132959 -0.285004 -1.67656
0 0 336 531.35 0.130113 -0.251557 -1.60991
0 0 337 531.173 0.144657 -0.343469 -1.64306
0 0 338 531.243 0.199985 -0.443202 -1.6346
0 0 339 531.099 0.0808141 -0.284822 -1.57264
0 0 340 531.27 0.23998 -0.329986 -1.59733
0 0 341 531.25 0.12799 -0.264887 -1.61334
0 0 342 531.219 0.131378 -0.198419 -1.52396
0 0 343 531.14 0.182822 -0.401872 -1.54584
0 0 344 531.295 0.164575 -0.248331 -1.59816
0 0 345 531.211 0.0807689 -0.196319 -1.54772
0 0 346 531.234 0.144499 -0.277244 -1.61453
0 0 347 531.174 0.179141 -0.333243 -1.55556
0 0 348 531.223 0.174647 -0.265283 -1.62028
0 0 349 531.274 0.203553 -0.182867 -1.65474
0 0 350 531.232 0.211774 -0.252531 -1.57558
0 0 351 531.255 0.181128 -0.264887 -1.5278
0 0 352 531.244 0.228485 -0.305213 -1.66034
0 0 353 531.286 0.145966 -0.266957 -1.6075
0 0 354 531.344 0.27128 -0.272465 -1.49618
0 0 355 531.244 0.19924 -0.228062 -1.65171
0 0 356 531.31 0.213264 -0.233296 -1.67071
0 0 357 531.225 0.0807464 -0.249974 -1.5907
0 0 358 531.291 0.115457 -0.258131 -1.67264
0 0 359 531.29 0.204276 -0.235153 -1.6197
0 0 360 531.249 0.163943 -0.251831 -1.67893
0 0 361 531.243 0.174421 -0.244283 -1.61824
0 0 362 531.293 0.159336 -0.224653 -1.67989
0 0 363 531.234 0.172344 -0.209253 -1.55411
0 0 364 531.325 0.114463 -0.275631 -1.70011
0 0 365 531.181 0.329612 -0.282752 -1.62646
0 0 366 531.17 0.161436 -0.20484 -1.52282
0 0 367 531.272 0.188874 -0.25317 -1.53305
0 0 368 531.396 0.107282 -0.302565 -1.67533
0 0 369 531.292 0.263557 -0.264066 -1.58452
0 0 370 531.185 0.126748 -0.300617 -1.5734
0 0 371 531.255 0.203147 -0.197566 -1.6365
0 0 372 531.312 0.154661 -0.189441 -1.62051
0 0 373 531.278 0.127042 -0.211871 -1.5923
0 0 374 531.371 0.22031 -0.229857 -1.62787
0 0 375 531.243 0.117105 -0.245866 -1.6263
0 0 376 531.245 0.153735 -0.217288 -1.61962
0 0 377 531.276 0.091925 -0.242122 -1.65046
0 0 378 531.347 0.193346 -0.177906 -1.56037
0 0 379 531.321 0.1022 -0.258861 -1.67796
0 0 380 531.385 0.274103 -0.222797 -1.57679
0 0 381 531.262 0.183183 -0.157697 -1.55591
0 0 382 531.236 0.179977 -0.354577 -1.56181
0 0 383 531.272 0.145583 -0.309321 -1.53936
0 0 384 531.311 0.250142 -0.23497 -1.6266
0 0 385 531.318 0.128035 -0.300161 -1.51937
0 0 386 531.293 0.138875 -0.237375 -1.68745
0 0 387 531.384 0.245174 -0.362368 -1.59238
0 0 388 531.375 0.193188 -0.204658 -1.59234
0 0 389 531.276 0.254456 -0.186154 -1.56305
0 0 390 531.346 0.100326 -0.245714 -1.59454
0 0 391 531.284 0.161481 -0.23987 -1.62632
0 0 392 531.283 0.204908 -0.309869 -1.68089
0 0 393 531.281 0.173744 -0.350164 -1.65062
0 0 394 531.304 0.202695 -0.184571 -1.61614
0 0 395 531.354 0.144611 -0.212327 -1.55648
0 0 396 531.222 0.144182 -0.181923 -1.62362
0 0 397 531.365 0.134788 -0.164393 -1.57925
0 0 398 531.358 0.198111 -0.160163 -1.61238
0 0 399 531.299 0.16541 -0.167041 -1.58195
0 0 400 531.364 0.178667 -0.0948506 -1.58338
0 0 401 531.298 0.0402548 -0.17538 -1.56663
0 0 402 531.244 0.163785 -0.205936 -1.64301
0 0 403 531.366 0.15028 -0.227575 -1.57015
0 0 404 531.491 0.143979 -0.124281 -1.59334
0 0 405 531.244 0.132891 -0.103311 -1.55643
0 0 406 531.375 0.167669 -0.212631 -1.59863
0 0 407 531.304 0.208612 -0.0883072 -1.65245
0 0 408 531.402 0.146215 -0.168136 -1.55544
0 0 409 531.382 0.137859 -0.208188 -1.66151
0 0 410 531.391 0.138017 -0.163967 -1.73235
0 0 411 531.312 0.100484 -0.11725 -1.56461
0 0 412 531.316 0.13603 -0.089342 -1.6489
0 0 413 531.41 0.197388 -0.0792682 -1.55236
0 0 414 531.365 0.180586 -0.164241 -1.59804
0 0 415 531.406 0.0782622 -0.130794 -1.52137
0 0 416 531.416 0.116721 -0.20271 -1.61852
0 0 417 531.372 0.234786 -0.163723 -1.52314
0 0 418 531.428 0.140817 -0.134872 -1.5613
0 0 419 531.392 0.163333 -0.0769552 -1.59528
0 0 420 531.434 0.159561 -0.0767117 -1.57805
0 0 421 531.416 0.251768 -0.128481 -1.61825
0 0 422 531.367 0.147728 -0.135693 -1.61973
0 0 423 531.434 0.206783 -0.161228 -1.70246
0 0 424 531.541 0.275571 -0.0761335 -1.61045
0 0 425 531.485 0.174511 -0.135998 -1.67474
0 0 426 531.492 0.103713 -0.0615554 -1.60122
0 0 427 531.563 0.183003 -0.0616163 -1.49526
0 0 428 531.415 0.140321 -0.0373906 -1.57979
0 0 429 531.349 0.179886 -0.0160865 -1.56179
0 0 430 531.307 0.11015 -0.0391862 -1.60607
0 0 431 531.481 0.127042 -0.049473 -1.62498
0 0 432 531.515 0.227785 -0.11095 -1.58243
0 0 433 531.39 0.12528 -0.0677945 -1.66276
0 0 434 531.427 0.196711 0.0579906 -1.59292
0 0 435 531.37 0.165478 -0.0374819 -1.55313
0 0 436 531.425 0.172908 0.00342188 -1.53902
0 0 437 531.332 0.164756 -0.0710509 -1.60558
0 0 438 531.464 0.19251 -0.0159344 -1.5642
0 0 439 531.511 0.243164 -0.051086 -1.66791
0 0 440 531.588 0.184674 0.0534559 -1.51277
0 0 441 531.457 0.139688 -0.0450296 -1.58437
0 0 442 531.59 0.0671965 0.00463926 -1.64691
0 0 443 531.559 0.179977 0.0466386 -1.59224
0 0 444 531.525 0.11033 -0.0527599 -1.56516
0 0 445 531.482 0.227108 0.0130696 -1.54886
0 0 446 531.478 0.259853 0.047643 -1.55057
0 0 447 531.558 0.213919 0.143724 -1.57957
0 0 448 531.617 0.168572 0.0937814 -1.61469
0 0 449 531.487 0.265386 0.109912 -1.6044
0 0 450 531.57 0.332051 -0.0690118 -1.58264
0 0 451 531.632 0.237247 0.0554037 -1.52109
0 0 452 531.599 0.203373 0.0393344 -1.53521
0 0 453 531.545 0.198992 0.0292911 -1.59693
0 0 454 531.622 0.221959 0.205658 -1.62195
0 0 455 531.562 0.206715 0.186728 -1.46714
0 0 456 531.661 0.230653 0.107629 -1.53872
0 0 457 531.556 0.167262 0.145002 -1.54631
0 0 458 531.775 0.259469 0.150268 -1.69814
0 0 459 531.623 0.199308 0.0983466 -1.57414
0 0 460 531.7 0.295941 0.0923814 -1.52202
0 0 461 531.623 0.272771 0.149111 -1.63715
0 0 462 531.737 0.268593 0.0978901 -1.57257
0 0 463 531.782 0.183274 0.250397 -1.6265
0 0 464 531.632 0.292192 0.0944205 -1.61396
0 0 465 531.692 0.298493 0.202402 -1.57254
0 0 466 531.82 0.255472 0.206754 -1.64802
0 0 467 531.768 0.262608 0.258827 -1.57116
0 0 468 531.756 0.242622 0.240627 -1.58225
0 0 469 531.873 0.310981 0.272887 -1.59951
0 0 470 531.816 0.30039 0.245344 -1.60988
0 0 471 531.865 0.30048 0.275018 -1.55464
0 0 472 531.856 0.309107 0.233871 -1.64224
0 0 473 531.787 0.327309 0.233079 -1.52306
0 0 474 531.834 0.313307 0.275444 -1.54793
0 0 475 531.968 0.299712 0.243305 -1.58775
0 0 476 531.888 0.346279 0.399281 -1.66558
0 0 477 531.892 0.3017 0.272127 -1.66193
0 0 478 531.915 0.293547 0.420981 -1.5832
0 0 479 531.844 0.370194 0.338808 -1.60227
0 0 480 531.845 0.329025 0.44825 -1.5944
0 0 481 531.808 0.39621 0.41882 -1.63045
0 0 482 531.958 0.374643 0.312909 -1.60305
0 0 483 531.875 0.3956 0.410329 -1.57543
0 0 484 531.944 0.334468 0.478319 -1.61597
0 0 485 531.99 0.423152 0.422594 -1.63003
0 0 486 531.995 0.40355 0.439728 -1.52685
0 0 487 531.969 0.495734 0.35783 -1.65856
0 0 488 531.945 0.427465 0.475124 -1.65462
0 0 489 531.933 0.38056 0.480419 -1.64211
0 0 490 532.009 0.411228 0.417085 -1.54782
0 0 491 532.067 0.42943 0.396451 -1.59987
0 0 492 531.955 0.471886 0.487663 -1.66294
0 0 493 532.004 0.407953 0.431511 -1.67588
0 0 494 532.054 0.396165 0.414011 -1.67692
0 0 495 531.971 0.459194 0.47065 -1.68255
0 0 496 532.021 0.360303 0.417694 -1.55375
0 0 497 531.965 0.519785 0.436502 -1.61598
0 0 498 531.924 0.354431 0.368056 -1.58336
0 0 499 531.925 0.414322 0.37256 -1.61589
0 0 500 531.938 0.367755 0.381264 -1.61809
0 0 501 531.898 0.374575 0.33053 -1.51801
0 0 502 531.862 0.452035 0.363186 -1.57904
0 0 503 531.786 0.418996 0.245375 -1.6743
0 0 504 531.868 0.333452 0.271335 -1.66496
0 0 505 531.768 0.392371 0.193241 -1.57108
0 0 506 531.718 0.42261 0.127107 -1.55299
0 0 507 531.732 0.323131 0.159672 -1.566
0 0 508 531.658 0.338329 0.0748513 -1.7024
0 0 509 531.628 0.420374 0.113046 -1.71728
0 0 510 531.6 0.395781 0.0228086 -1.58089
0 0 511 531.518 0.284582 0.0689774 -1.61057
0 0 512 531.67 0.37392 -0.0176691 -1.67789
0 0 513 531.659 0.354747 0.0390605 -1.59966
0 0 514 531.617 0.404724 0.0948466 -1.6046
0 0 515 531.642 0.324554 0.100781 -1.68532
0 0 516 531.618 0.415925 0.0467299 -1.62399
0 0 517 531.695 0.409963 0.222275 -1.59204
0 0 518 531.797 0.357886 0.203558 -1.6228
0 0 519 531.867 0.447474 0.250792 -1.75106
0 0 520 531.877 0.501967 0.230188 -1.50202
0 0 521 531.935 0.464569 0.324717 -1.56473
0 0 522 531.905 0.559599 0.315465 -1.71444
0 0 523 531.987 0.61556 0.431542 -1.65775
0 0 524 532.009 0.574978 0.412064 -1.54227
0 0 525 532.089 0.582205 0.501906 -1.61544
0 0 526 532.029 0.694262 0.336708 -1.65958
0 0 527 532.135 0.589115 0.435194 -1.64297
0 0 528 532.003 0.761763 0.400712 -1.57709
0 0 529 532.077 0.728724 0.440185 -1.62226
0 0 530 532.007 0.692094 0.409233 -1.57272
0 0 531 532.102 0.647154 0.323622 -1.65968
0 0 532 532.076 0.631707 0.332143 -1.74616
0 0 533 532.027 0.625564 0.372286 -1.65561
0 0 534 531.949 0.547833 0.348091 -1.69283
0 0 535 531.949 0.589973 0.339234 -1.7049
0 0 536 532.057 0.690152 0.323865 -1.65949
0 0 537 531.934 0.605262 0.206115 -1.65972
0 0 538 532.003 0.699976 0.249149 -1.59491
0 0 539 531.91 0.610298 0.245405 -1.58153
0 0 540 531.854 0.585931 0.172911 -1.74379
0 0 541 531.796 0.564454 0.162959 -1.63461
0 0 542 531.79 0.56949 0.0817294 -1.60239
0 0 543 531.809 0.654696 0.169654 -1.6031
0 0 544 531.702 0.597945 0.191171 -1.55617
0 0 545 531.799 0.535525 0.112772 -1.67288
0 0 546 531.632 0.49264 0.0708948 -1.65218
0 0 547 531.693 0.479948 0.0392431 -1.63083
0 0 548 531.563 0.544559 0.0949379 -1.64405
0 0 549 531.62 0.508855 -0.00144761 -1.73838
0 0 550 531.543 0.450658 -0.0282907 -1.6303
0 0 551 531.552 0.511407 0.00670879 -1.57809
0 0 552 531.52 0.410234 -0.123581 -1.60995
0 0 553 531.514 0.427262 -0.0524251 -1.63343
0 0 554 531.55 0.331284 0.0843772 -1.70947
0 0 555 531.539 0.407863 -0.069377 -1.60327
0 0 556 531.492 0.398536 -0.0352602 -1.569
0 0 557 531.571 0.307165 -0.185393 -1.62606
0 0 558 531.374 0.408405 -0.0739422 -1.64239
0 0 559 531.306 0.325344 -0.0145344 -1.66104
0 0 560 531.374 0.257888 -0.0454252 -1.59278
0 0 561 531.381 0.252039 -0.0738205 -1.60113
0 0 562 531.331 0.370669 -0.138037 -1.62053
0 0 563 531.389 0.343027 -0.227818 -1.61819
0 0 564 531.428 0.318253 -0.135541 -1.60195
0 0 565 531.336 0.377082 -0.215766 -1.56058
0 0 566 531.435 0.344833 -0.176567 -1.61562
0 0 567 531.333 0.326564 -0.180128 -1.62
0 0 568 531.262 0.205654 -0.235701 -1.66328
0 0 569 531.254 0.34865 -0.322743 -1.64846
0 0 570 531.385 0.329748 -0.28543 -1.59245
0 0 571 531.298 0.299238 -0.215553 -1.64494
0 0 572 531.313 0.329861 -0.194006 -1.71888
0 0 573 531.293 0.321595 -0.16695 -1.65192
0 0 574 531.359 0.216584 -0.140989 -1.62032
0 0 575 531.358 0.186661 -0.215218 -1.66818
0 0 576 531.306 0.275052 -0.280926 -1.72619
0 0 577 531.282 0.281578 -0.292795 -1.72777
0 0 578 531.193 0.172976 -0.266926 -1.64157
0 0 579 531.204 0.300345 -0.307982 -1.63735
0 0 580 531.295 0.20055 -0.205905 -1.65013
0 0 581 531.313 0.175957 -0.271339 -1.55897
0 0 582 531.294 0.179164 -0.373203 -1.68694
0 0 583 531.315 0.348289 -0.2525 -1.66137
0 0 584 531.247 0.22704 -0.228609 -1.59981
0 0 585 531.286 0.157439 -0.423815 -1.76034
0 0 586 531.205 0.249781 -0.390764 -1.58664
0 0 587 531.217 0.235531 -0.298 -1.62494
0 0 588 531.157 0.274826 -0.292004 -1.60919
0 0 589 531.235 0.296031 -0.342099 -1.5726
0 0 590 531.095 0.15509 -0.262574 -1.70398
0 0 591 531.308 0.262857 -0.178484 -1.55857
0 0 592 531.262 0.31604 -0.259592 -1.69764
0 0 593 531.278 0.192578 -0.189867 -1.61206
0 0 594 531.163 0.303506 -0.326273 -1.66162
0 0 595 531.269 0.299893 -0.320734 -1.63981
0 0 596 531.287 0.284853 -0.312547 -1.62232
0 0 597 531.262 0.186345 -0.307708 -1.58149
0 0 598 531.212 0.273584 -0.297239 -1.68322
0 0 599 531.345 0.207325 -0.36952 -1.64911
0 0 600 531.086 0.156739 -0.2777 -1.58625
0 0 601 531.276 0.269699 -0.223801 -1.70626
0 0 602 531.227 0.247726 -0.268813 -1.67732
0 0 603 531.192 0.181557 -0.379351 -1.68503
0 0 604 531.257 0.269474 -0.364407 -1.6355
0 0 605 531.169 0.255698 -0.331964 -1.72058
0 0 606 531.22 0.201702 -0.397764 -1.64492
0 0 607 531.177 0.161436 -0.339817 -1.56214
0 0 608 531.226 0.260779 -0.292613 -1.66778
0 0 609 531.113 0.137791 -0.367147 -1.77439
0 0 610 531.188 0.299848 -0.419128 -1.58656
0 0 611 531.163 0.265905 -0.319912 -1.58838
0 0 612 531.128 0.288601 -0.409176 -1.61183
0 0 613 531.092 0.248878 -0.390977 -1.60175
0 0 614 531.067 0.243435 -0.374512 -1.60445
0 0 615 531.159 0.164575 -0.357895 -1.5914
0 0 616 531.108 0.189123 -0.290574 -1.64318
0 0 617 531.267 0.272861 -0.31973 -1.58486
0 0 618 531.148 0.165298 -0.292156 -1.6005
0 0 619 531.144 0.197117 -0.363921 -1.62757
0 0 620 531.217 0.175053 -0.383368 -1.61679
0 0 621 531.139 0.22643 -0.317417 -1.70554
0 0 622 531.202 0.274464 -0.370829 -1.60465
0 0 623 531.122 0.197772 -0.272283 -1.55086
0 0 624 531.107 0.194204 -0.295413 -1.63856
0 0 625 531.164 0.180609 -0.314556 -1.68771
0 0 626 531.145 0.295128 -0.414442 -1.67124
0 0 627 531.114 0.208454 -0.238835 -1.6771
0 0 628 531.187 0.241629 -0.276422 -1.71705
0 0 629 531.138 0.101636 -0.336073 -1.61854
0 0 630 531.121 0.236186 -0.395998 -1.56645
0 0 631 531.191 0.117083 -0.322743 -1.64069
0 0 632 531.125 0.165952 -0.345082 -1.60914
0 0 633 531.135 0.127132 -0.306034 -1.54179
0 0 634 531.077 0.275119 -0.263822 -1.62615
0 0 635 531.196 0.211638 -0.368851 -1.72671
0 0 636 531.155 0.164304 -0.30923 -1.64234
0 0 637 531.16 0.127448 -0.317265 -1.57182
0 0 638 531.074 0.17406 -0.343377 -1.59621
0 0 639 531.192 0.297883 -0.452058 -1.5769
0 0 640 531.067 0.175799 -0.362064 -1.64621
0 0 641 531.058 0.174466 -0.495306 -1.63639
0 0 642 531.117 0.209425 -0.268448 -1.70431
0 0 643 531.12 0.209154 -0.319669 -1.66214
0 0 644 531.16 0.238331 -0.279313 -1.56637
0 0 645 531.142 0.24129 -0.425976 -1.69276
0 0 646 531.213 0.189303 -0.275752 -1.61333
0 0 647 531.143 0.188671 -0.392103 -1.59236
0 0 648 531.155 0.251001 -0.381633 -1.63838
0 0 649 531.208 0.15771 -0.324265 -1.62362
0 0 650 531.195 0.305832 -0.364225 -1.63109
0 0 651 531.085 0.327602 -0.336743 -1.64012
0 0 652 531.161 0.141856 -0.393594 -1.56555
0 0 653 531.206 0.258498 -0.420468 -1.57336
0 0 654 531.193 0.238151 -0.347516 -1.69346
0 0 655 531.25 0.171598 -0.371164 -1.6141
0 0 656 531.084 0.214348 -0.358108 -1.7071
0 0 657 531.161 0.221913 -0.290939 -1.64078
0 0 658 531.131 0.137453 -0.290422 -1.5708
0 0 659 531.128 0.226362 -0.350103 -1.64098
0 0 660 531.077 0.140298 -0.365838 -1.63604
0 0 661 531.157 0.237338 -0.265009 -1.62167
0 0 662 531.157 0.269609 -0.384616 -1.73145
0 0 663 531.195 0.271325 -0.433067 -1.65844
0 0 664 531.241 0.189123 -0.223375 -1.6662
0 0 665 531.134 0.113469 -0.481488 -1.69874
0 0 666 531.142 0.198834 -0.383551 -1.60616
0 0 667 531.15 0.207076 -0.39049 -1.62594
0 0 668 531.142 0.207144 -0.322347 -1.58795
0 0 669 531.183 0.28343 -0.28047 -1.63813
0 0 670 531.195 0.112566 -0.371255 -1.60948
0 0 671 531.078 0.212067 -0.319882 -1.61125
0 0 672 531.15 0.174376 -0.448345 -1.68786
0 0 673 531.13 0.16313 -0.338021 -1.71688
0 0 674 531.151 0.253439 -0.353451 -1.66041
0 0 675 531.155 0.243616 -0.461737 -1.62508
0 0 676 531.232 0.110917 -0.268113 -1.61878
0 0 677 531.092 0.221981 -0.341095 -1.60234
0 0 678 531.162 0.188107 -0.340395 -1.67604
0 0 679 531.075 0.164665 -0.349829 -1.5831
0 0 680 531.157 0.179006 -0.311482 -1.62012
0 0 681 531.147 0.175641 -0.356403 -1.61513
0 0 682 531.072 0.211141 -0.282874 -1.63006
0 0 683 531.144 0.214213 -0.437846 -1.66647
0 0 684 531.142 0.0983386 -0.362703 -1.62138
0 0 685 531.132 0.17354 -0.36736 -1.58543
0 0 686 531.098 0.226701 -0.36946 -1.63825
0 0 687 531.055 0.199805 -0.268265 -1.56806
0 0 688 531.173 0.165027 -0.397885 -1.66798
0 0 689 531.172 0.304342 -0.285704 -1.59144
0 0 690 531.194 0.219271 -0.423937 -1.65549
0 0 691 531.176 0.306329 -0.280652 -1.55779
0 0 692 531.181 0.161029 -0.351747 -1.70895
0 0 693 531.032 0.172456 -0.313673 -1.63804
0 0 694 531.127 0.274261 -0.30083 -1.60905
0 0 695 531.132 0.194678 -0.473667 -1.60591
0 0 696 531.213 0.214145 -0.352325 -1.64257
0 0 697 531.088 0.27408 -0.434315 -1.57622
0 0 698 531.202 0.164168 -0.295839 -1.55199
0 0 699 531.064 0.149173 -0.362551 -1.7089
0 0 700 531.1 0.200798 -0.359234 -1.70897
0 0 701 531.091 0.176183 -0.242275 -1.68286
0 0 702 531.168 0.15509 -0.27627 -1.6344
0 0 703 531.151 0.136707 -0.40175 -1.61674
0 0 704 531.083 0.278191 -0.325239 -1.60872
0 0 705 531.111 0.187406 -0.446824 -1.5706
0 0 706 531.081 0.256601 -0.349738 -1.60445
0 0 707 531.172 0.217081 -0.367025 -1.63727
0 0 708 531.079 0.243638 -0.370647 -1.75282
0 0 709 531.244 0.340881 -0.310904 -1.61485
0 0 710 531.171 0.150641 -0.287622 -1.65644
0 0 711 531.186 0.1877 -0.45781 -1.63413
0 0 712 531.065 0.146034 -0.366538 -1.58624
0 0 713 531.165 0.15046 -0.414228 -1.6265
0 0 714 531.004 0.216019 -0.331051 -1.65944
0 0 715 531.08 0.235667 -0.278583 -1.61061
0 0 716 531.058 0.263263 -0.329682 -1.70216
0 0 717 531.113 0.175866 -0.302291 -1.65102
0 0 718 531.178 0.136233 -0.434559 -1.55723
0 0 719 531.241 0.242645 -0.400198 -1.62103
0 0 720 531.169 0.180383 -0.302504 -1.68632
0 0 721 531.203 0.145628 -0.286009 -1.76457
0 0 722 531.232 0.145718 -0.381603 -1.66162
0 0 723 531.097 0.173969 -0.298365 -1.62539
0 0 724 531.106 0.230789 -0.402207 -1.66927
0 0 725 531.123 0.164417 -0.193427 -1.62756
0 0 726 531.112 0.255314 -0.359416 -1.68487
0 0 727 531.189 0.0892828 -0.278978 -1.74124
0 0 728 531.187 0.198608 -0.382577 -1.7398
0 0 729 531.169 0.212045 -0.389911 -1.682
0 0 730 531.055 0.185826 -0.327338 -1.65176
0 0 731 531.049 0.26997 -0.322743 -1.63591
0 0 732 531.156 0.157687 -0.368881 -1.66505
0 0 733 531.212 0.151725 -0.41645 -1.61829
0 0 734 531.128 0.214461 -0.289935 -1.65937
0 0 735 531.172 0.142692 -0.305091 -1.68998
0 0 736 531.053 0.166585 -0.348673 -1.57741
0 0 737 531.194 0.153735 -0.358868 -1.67475
0 0 738 531.214 0.156784 -0.416237 -1.64422
0 0 739 531.131 0.243232 -0.215005 -1.60687
0 0 740 531.17 0.198021 -0.451815 -1.58578
0 0 741 531.201 0.263444 -0.362429 -1.56638
0 0 742 531.189 0.232482 -0.262879 -1.59892
0 0 743 531.1 0.144047 -0.300435 -1.72447
0 0 744 531.126 0.188084 -0.360725 -1.62503
0 0 745 531.158 0.19714 -0.370768 -1.66174
0 0 746 531.146 0.256082 -0.415994 -1.60648
0 0 747 530.988 0.227514 -0.305 -1.61611
0 0 748 531.178 0.1258 -0.426372 -1.6569
0 0 749 531.087 0.147886 -0.337534 -1.67183
0 0 750 531.146 0.163581 -0.370647 -1.61911
0 0 751 531.049 0.062996 -0.468402 -1.69164
0 0 752 531.187 0.163672 -0.403272 -1.67539
0 0 753 531.109 0.168391 -0.376703 -1.58073
0 0 754 531.153 0.22232 -0.466484 -1.60883
0 0 755 531.083 0.134743 -0.284974 -1.63988
0 0 756 531.101 0.239415 -0.344473 -1.69482
0 0 757 531.085 0.18499 -0.396546 -1.56607
0 0 758 531.172 0.218097 -0.331843 -1.61388
0 0 759 531.121 0.188852 -0.439459 -1.65592
0 0 760 531.135 0.225866 -0.325939 -1.62601
0 0 761 531.178 0.0560856 -0.28543 -1.61094
0 0 762 531.14 0.19994 -0.324417 -1.59049
0 0 763 531.147 0.259424 -0.271004 -1.57869
0 0 764 531.135 0.167443 -0.353512 -1.63371
0 0 765 531.106 0.156197 -0.315073 -1.66167
0 0 766 531.135 0.211186 -0.36876 -1.59475
0 0 767 531.136 0.111437 -0.408263 -1.6963
0 0 768 531.202 0.121464 -0.302656 -1.64627
0 0 769 531.131 0.23718 -0.374603 -1.64559
0 0 770 531.057 0.18027 -0.29663 -1.5841
0 0 771 531.177 0.17808 -0.309413 -1.62171
0 0 772 531.18 0.223539 -0.2952 -1.68446
0 0 773 531.209 0.278552 -0.358868 -1.57677
0 0 774 531.179 0.147254 -0.340577 -1.69924
0 0 775 531.056 0.14827 -0.325208 -1.69789
0 0 776 531.245 0.17144 -0.315226 -1.59355
0 0 777 531.09 0.142466 -0.336682 -1.60651
0 0 778 531.149 0.124151 -0.369612 -1.65441
0 0 779 531.102 0.217532 -0.304756 -1.61223
0 0 780 531.192 0.197862 -0.364742 -1.58265
0 0 781 531.126 0.153193 -0.296935 -1.72349
0 0 782 531.184 0.209267 -0.328556 -1.62242
0 0 783 531.161 0.227966 -0.366994 -1.69493
0 0 784 531.174 0.20134 -0.316565 -1.68495
0 0 785 531.059 0.117331 -0.318391 -1.58397
0 0 786 531.082 0.168346 -0.294074 -1.60281
0 0 787 531.062 0.177876 -0.31763 -1.59694
0 0 788 531.199 0.164123 -0.31553 -1.61469
0 0 789 531.085 0.139959 -0.36109 -1.58295
0 0 790 531.155 0.163243 -0.366934 -1.62436
0 0 791 531.124 0.217284 -0.368729 -1.6171
0 0 792 531.144 0.126048 -0.379838 -1.63672
0 0 793 531.137 0.16794 -0.327795 -1.63521
0 0 794 531.032 0.228937 -0.404459 -1.5637
0 0 795 531.047 0.229276 -0.389759 -1.6392
0 0 796 531.16 0.14635 -0.394355 -1.65849
0 0 797 531.148 0.210215 -0.283909 -1.66004
0 0 798 531.136 0.195243 -0.356342 -1.58491
0 0 799 531.153 0.184832 -0.346147 -1.58871
0 0 800 531.145 0.182167 -0.378499 -1.60192
0 0 801 531.124 0.249917 -0.377859 -1.59764
0 0 802 531.071 0.116541 -0.327186 -1.66546
0 0 803 531.074 0.173608 -0.263152 -1.5874
0 0 804 531.09 0.271348 -0.335251 -1.63543
0 0 805 531.121 0.22022 -0.262666 -1.65424
0 0 806 531.137 0.260305 -0.236157 -1.6499
0 0 807 531.145 0.174986 -0.336378 -1.52236
0 0 808 531.237 0.197682 -0.45705 -1.65859
0 0 809 531.224 0.147073 -0.359234 -1.63696
0 0 810 531.129 0.240093 -0.269818 -1.5567
0 0 811 531.115 0.180903 -0.277304 -1.64245
0 0 812 531.23 0.162791 -0.288291 -1.53508
0 0 813 531.16 0.204931 -0.28327 -1.59283
0 0 814 531.098 0.225775 -0.306126 -1.55334
0 0 815 531.071 0.161775 -0.334978 -1.67036
0 0 816 531.071 0.252288 -0.291061 -1.65872
0 0 817 531.076 0.168504 -0.256579 -1.7263
0 0 818 531.084 0.184855 -0.40945 -1.6133
0 0 819 531.122 0.287676 -0.339725 -1.62225
0 0 820 531.033 0.221846 -0.34496 -1.71875
0 0 821 531.18 0.230043 -0.391129 -1.52305
0 0 822 531.144 0.179164 -0.396516 -1.65351
0 0 823 531.201 0.219452 -0.345812 -1.60479
0 0 824 531.165 0.241222 -0.300008 -1.6625
0 0 825 531.238 0.224623 -0.287074 -1.67235
0 0 826 531.118 0.180564 -0.410881 -1.68013
0 0 827 531.198 0.244429 -0.277852 -1.66634
0 0 828 531.062 0.127584 -0.229705 -1.52551
0 0 829 531.2 0.169114 -0.335099 -1.61145
0 0 830 531.08 0.214009 -0.349556 -1.62797
0 0 831 531.116 0.237947 -0.26927 -1.66031
0 0 832 531.203 0.163333 -0.401933 -1.66385
0 0 833 531.169 0.268977 -0.375151 -1.60224
0 0 834 531.199 0.244248 -0.366477 -1.63872
0 0 835 531.198 0.181761 -0.371651 -1.59816
0 0 836 531.143 0.107282 -0.380477 -1.62849
0 0 837 531.117 0.171214 -0.314434 -1.64038
0 0 838 531.183 0.254478 -0.375546 -1.56698
0 0 839 531.169 0.143527 -0.286404 -1.64071
0 0 840 531.168 0.209719 -0.314921 -1.62489
0 0 841 531.167 0.21882 -0.371742 -1.70354
0 0 842 531.241 0.197501 -0.379351 -1.49539
0 0 843 531.018 0.23806 -0.327704 -1.64001
0 0 844 531.178 0.128306 -0.306521 -1.57752
0 0 845 531.175 0.138649 -0.356129 -1.61214
0 0 846 531.134 0.136143 -0.35266 -1.55831
0 0 847 531.186 0.215726 -0.290848 -1.69942
0 0 848 531.056 0.219362 -0.28047 -1.642
0 0 849 531.202 0.188603 -0.310995 -1.66873
0 0 850 531.042 0.100778 -0.326395 -1.58803
0 0 851 531.111 0.313624 -0.244831 -1.81117
0 0 852 531.189 0.186864 -0.251192 -1.66858
0 0 853 531.181 0.231986 -0.330778 -1.67879
0 0 854 531.224 0.24531 -0.31343 -1.63971
0 0 855 531.166 0.175189 -0.382151 -1.66681
0 0 856 531.164 0.260508 -0.337625 -1.65894
0 0 857 531.05 0.23797 -0.384159 -1.66146
0 0 858 531.107 0.043281 -0.391068 -1.49803
0 0 859 531.115 0.233115 -0.339756 -1.60967
0 0 860 531.144 0.182393 -0.428137 -1.58328
0 0 861 531.073 0.157281 -0.386807 -1.65296
0 0 862 531.261 0.27128 -0.320978 -1.72787
0 0 863 531.166 0.242329 -0.408933 -1.61509
0 0 864 531.244 0.189913 -0.421289 -1.57077
0 0 865 531.103 0.144069 -0.380933 -1.57465
0 0 866 531.177 0.236344 -0.239931 -1.631
0 0 867 531.174 0.165072 -0.411033 -1.65052
0 0 868 531.063 0.177041 -0.407533 -1.68081
0 0 869 531.161 0.255766 -0.415842 -1.65815
0 0 870 531.228 0.294405 -0.339695 -1.57359
0 0 871 531.031 0.233476 -0.374481 -1.59421
0 0 872 531.142 0.0837047 -0.279526 -1.63672
0 0 873 531.147 0.150483 -0.299035 -1.57379
0 0 874 531.131 0.185035 -0.272283 -1.63635
0 0 875 531.106 0.186413 -0.306491 -1.57433
0 0 876 531.148 0.131513 -0.300435 -1.66781
0 0 877 531.163 0.193391 -0.344564 -1.60127
0 0 878 531.117 0.219271 -0.343986 -1.56789
0 0 879 531.111 0.192059 -0.325452 -1.6516
0 0 880 531.201 0.247636 -0.302504 -1.6604
0 0 881 531.164 0.243977 -0.374177 -1.59781
0 0 882 531.146 0.159584 -0.388907 -1.74279
0 0 883 531.112 0.270603 -0.326882 -1.61447
0 0 884 531.14 0.210193 -0.282296 -1.61215
0 0 885 531.171 0.163491 -0.391281 -1.59507
0 0 886 531.09 0.185555 -0.354577 -1.55043
0 0 887 531.256 0.254862 -0.393442 -1.64239
0 0 888 531.143 0.202786 -0.472206 -1.51159
0 0 889 531.127 0.200143 -0.33723 -1.62744
0 0 890 531.067 0.229818 -0.312608 -1.67499
0 0 891 531.188 0.141405 -0.376064 -1.6283
0 0 892 531.155 0.159494 -0.223375 -1.6566
0 0 893 531.037 0.245987 -0.310569 -1.55997
0 0 894 531.089 0.290544 -0.379899 -1.54541
0 0 895 531.126 0.282707 -0.352964 -1.68561
0 0 896 531.186 0.186616 -0.303813 -1.60543
0 0 897 531.19 0.176838 -0.275174 -1.59666
0 0 898 531.118 0.196395 -0.314921 -1.66426
0 0 899 531.126 0.14827 -0.324082 -1.69363
0 0 900 531.13 0.152832 -0.437754 -1.66623
0 0 901 531.149 0.131694 -0.329378 -1.5082
0 0 902 531.157 0.231489 -0.378894 -1.60128
0 0 903 531.171 0.181241 -0.336134 -1.6199
0 0 904 531.127 0.151228 -0.366568 -1.69639
0 0 905 531.158 0.0827111 -0.292795 -1.63209
0 0 906 531.147 0.203847 -0.300495 -1.67612
0 0 907 531.147 0.217465 -0.36459 -1.60608
0 0 908 531.142 0.190862 -0.430846 -1.55656
0 0 909 531.124 0.20405 -0.369673 -1.64367
0 0 910 531.156 0.244361 -0.356525 -1.53167
0 0 911 531.1 0.171689 -0.354425 -1.60324
0 0 912 531.123 0.177086 -0.260992 -1.74622
0 0 913 531.058 0.115231 -0.283239 -1.65733
0 0 914 531.163 0.134404 -0.327004 -1.69098
0 0 915 531.087 0.0714647 -0.299552 -1.73031
0 0 916 531.13 0.219565 -0.342769 -1.6712
0 0 917 531.138 0.213603 -0.411246 -1.68031
0 0 918 531.102 0.215093 -0.375546 -1.61106
0 0 919 531.157 0.0914508 -0.286161 -1.71793
0 0 920 531.105 0.211119 -0.319791 -1.60668
0 0 921 531.113 0.213829 -0.32463 -1.5813
0 0 922 531.121 0.175912 -0.345447 -1.52216
0 0 923 531.119 0.218797 -0.387233 -1.61678
0 0 924 531.215 0.277491 -0.308834 -1.5669
0 0 925 531.164 0.12318 -0.348125 -1.65887
0 0 926 531.137 0.0831628 -0.29733 -1.62354
0 0 927 531.185 0.224443 -0.220088 -1.69493
0 0 928 531.131 0.219362 -0.358473 -1.65245
0 0 929 531.055 0.194407 -0.300282 -1.63671
0 0 930 531.16 0.250707 -0.28543 -1.66706
0 0 931 531.147 0.159674 -0.38349 -1.5922
0 0 932 531.227 0.269948 -0.380872 -1.635
0 0 933 531.149 0.238218 -0.227088 -1.59529
0 0 934 531.192 0.230472 -0.288809 -1.71871
0 0 935 531.135 0.145131 -0.245866 -1.67624
0 0 936 531.102 0.24601 -0.332208 -1.61595
0 0 937 531.193 0.158274 -0.192149 -1.6304
0 0 938 531.125 0.110263 -0.331386 -1.65444
0 0 939 531.165 0.218052 -0.355642 -1.60366
0 0 940 531.099 0.207551 -0.295535 -1.69633
0 0 941 531.104 0.258227 -0.411459 -1.59785
0 0 942 531.114 0.173631 -0.48088 -1.60866
0 0 943 531.133 0.20807 -0.323565 -1.645
0 0 944 531.148 0.215003 -0.454584 -1.54374
0 0 945 531.107 0.124287 -0.378986 -1.62217
0 0 946 531.171 0.233295 -0.346877 -1.68739
0 0 947 531.177 0.142172 -0.305213 -1.70277
0 0 948 531.14 0.254456 -0.314252 -1.5445
0 0 949 531.138 0.179118 -0.257461 -1.56265
0 0 950 531.193 0.146079 -0.300008 -1.59468
0 0 951 531.125 0.136052 -0.284852 -1.61179
0 0 952 531.17 0.141901 -0.220027 -1.66419
0 0 953 531.114 0.189303 -0.391494 -1.60311
0 0 954 531.183 0.270806 -0.300008 -1.6502
0 0 955 531.245 0.26525 -0.326243 -1.73333
0 0 956 531.207 0.230472 -0.3113 -1.60779
0 0 957 531.134 0.24811 -0.358047 -1.72384
0 0 958 531.175 0.288647 -0.301469 -1.57559
0 0 959 531.159 0.167782 -0.310356 -1.63921
0 0 960 531.197 0.150325 -0.343834 -1.62205
0 0 961 531.282 0.171982 -0.335617 -1.61486
0 0 962 531.193 0.132981 -0.263761 -1.65331
0 0 963 531.212 0.213784 -0.335617 -1.64401
0 0 964 531.22 0.230676 -0.298548 -1.58089
0 0 965 531.17 0.182528 -0.226783 -1.5966
0 0 966 531.098 0.162655 -0.284517 -1.579
0 0 967 531.226 0.279794 -0.22164 -1.60537
0 0 968 531.224 0.174534 -0.234849 -1.64966
0 0 969 531.138 0.145966 -0.297239 -1.5616
0 0 970 531.206 0.220739 -0.283148 -1.62651
0 0 971 531.215 0.176612 -0.225292 -1.64623
0 0 972 531.027 0.21078 -0.261235 -1.72183
0 0 973 531.209 0.22503 -0.269757 -1.6341
0 0 974 531.098 0.227266 -0.33939 -1.65124
0 0 975 531.188 0.240816 -0.326638 -1.57224
0 0 976 531.206 0.143076 -0.230466 -1.71583
0 0 977 531.166 0.227898 -0.265739 -1.70147
0 0 978 531.197 0.160826 -0.262026 -1.54031
0 0 979 531.225 0.133952 -0.251953 -1.55537
0 0 980 531.192 0.0860082 -0.201036 -1.58229
0 0 981 531.166 0.149738 -0.22377 -1.61911
0 0 982 531.062 0.151612 -0.352812 -1.63365
0 0 983 531.212 0.0622282 -0.256913 -1.53261
0 0 984 531.167 0.139937 -0.281565 -1.56757
0 0 985 531.23 0.209109 -0.327125 -1.64377
0 0 986 531.127 0.220829 -0.287104 -1.6154
0 0 987 531.23 0.168008 -0.289722 -1.66853
0 0 988 531.232 0.168504 -0.294804 -1.66345
0 0 989 531.147 0.261479 -0.329408 -1.75222
0 0 990 531.195 0.110375 -0.242122 -1.5633
0 0 991 531.303 0.26385 -0.368273 -1.67929
0 0 992 531.231 0.226882 -0.282935 -1.54782
0 0 993 531.117 0.244677 -0.271948 -1.59598
0 0 994 531.104 0.28614 -0.300708 -1.68076
0 0 995 531.119 0.234244 -0.263 -1.64178
0 0 996 531.234 0.319427 -0.310356 -1.69998
0 0 997 531.14 0.1898 -0.301621 -1.64944
0 0 998 531.129 0.0463071 -0.293404 -1.68512
0 0 999 531.199 0.256579 -0.342099 -1.61555
0 0 1000 531.234 0.190749 -0.267657 -1.67885
0 0 1001 531.171 0.186797 -0.244679 -1.64367
0 0 1002 531.204 0.150912 -0.320704 -1.62373
0 0 1003 531.102 0.184967 -0.335404 -1.60109
0 0 1004 531.257 0.266289 -0.30646 -1.58834
0 0 1005 531.245 0.242871 -0.304543 -1.57701
0 0 1006 531.248 0.236886 -0.312426 -1.60241
0 0 1007 531.21 0.26988 -0.243035 -1.63823
0 0 1008 531.172 0.120786 -0.366142 -1.60765
0 0 1009 531.104 0.13009 -0.279222 -1.68441
0 0 1010 531.071 0.285598 -0.247935 -1.58679
0 0 1011 531.144 0.215703 -0.256609 -1.52177
0 0 1012 531.205 0.159336 -0.260961 -1.67425
0 0 1013 531.143 0.14617 -0.320369 -1.63876
0 0 1014 531.245 0.209899 -0.264005 -1.69481
0 0 1015 531.13 0.149196 -0.350286 -1.58219
0 0 1016 531.176 0.248065 -0.303904 -1.57178
0 0 1017 531.299 0.261231 -0.244374 -1.64657
0 0 1018 531.16 0.078601 -0.338477 -1.70915
0 0 1019 531.117 0.244858 -0.370677 -1.6084
0 0 1020 531.306 0.245264 -0.277517 -1.57324
0 0 1021 531.156 0.195762 -0.359112 -1.67064
0 0 1022 531.239 0.143595 -0.272191 -1.6104
0 0 1023 531.231 0.182641 -0.304421 -1.58748
