0 0 0 99.1082 4.32781 3.6709 46.0932
0 0 1 77.1768 5.66379 -13.5567 44.7711
0 0 2 26.8424 30.8395 -22.1705 20.2542
0 0 3 12.2814 27.5441 -32.772 35.4999
0 0 4 21.5393 -2.2927 -22.1705 7
0 0 5 57.3127 -12.8915 16.2603 -28.7797
0 0 6 74.5702 -11.5555 11.6221 -27.4576
0 0 7 38.0778 -6.92409 16.9229 5.67792
0 0 8 -1.02126 7.65291 2.3457 -0.296514
0 0 9 -36.7946 -20.1651 0.357903 17.6101
0 0 10 -44.7043 -28.1216 4.9961 3.68644
0 0 11 -43.4459 -18.8588 -6.93068 -12.8813
0 0 12 -43.4459 12.2843 -20.1827 7
0 0 13 -62.591 23.5659 -27.4713 20.2542
0 0 14 -83.8033 18.9345 -27.4713 4.35585
0 0 15 -68.6131 -39.4032 -19.5201 8.99147
0 0 16 -44.7043 -41.3923 -22.1705 10.3135
0 0 17 -37.4238 -12.2383 -17.5323 3.01704
0 0 18 -27.5367 0.379254 -17.5323 2.36437
0 0 19 -33.4689 10.978 -34.7598 -25.4661
0 0 20 -38.1429 24.219 -22.1705 -36.7456
0 0 21 9.58491 50.7308 22.8863 -18.839
0 0 22 65.3122 65.3078 49.3902 -19.5084
0 0 23 51.3804 89.8304 48.7276 -16.8643
0 0 24 65.9414 69.9392 11.6221 -14.8728
0 0 25 18.2137 40.132 34.813 8.32207
0 0 26 -50.7264 40.132 50.0528 21.5763
0 0 27 -57.2879 6.31693 28.1871 24.8898
0 0 28 -58.6361 -22.1542 14.2725 1.69496
0 0 29 -44.0751 -25.4793 3.0083 -24.1441
0 0 30 -47.4008 -9.56636 -9.58108 -10.2372
0 0 31 -95.1285 -10.9023 7.64649 -14.2034
0 0 32 -87.129 -4.28182 24.8741 -22.1526
0 0 33 -38.772 -2.2927 -1.62989 -20.8305
0 0 34 -19.5371 8.30605 -32.772 4.35585
0 0 35 -59.2653 10.978 -27.4713 -2.27126
0 0 36 -74.5454 28.1973 -18.8575 -4.26274
0 0 37 -58.007 32.1755 -16.8697 -22.822
0 0 38 -13.6049 26.8613 -9.58108 -34.0847
0 0 39 5.63007 6.99976 18.9107 -14.2034
0 0 40 -7.5827 -14.8806 -3.61769 -0.949184
0 0 41 -34.8172 8.30605 -12.2315 9.64414
0 0 42 -34.8172 27.5441 -16.2071 11.6356
0 0 43 -36.7946 5.66379 -9.58108 9.64414
0 0 44 -31.4915 8.98889 9.63429 14.9492
0 0 45 -10.2792 17.5985 1.0205 24.2372
0 0 46 -26.8176 25.555 -19.5201 14.9492
0 0 47 -34.0981 32.1755 -21.5079 -12.2119
0 0 48 -43.4459 18.9345 -10.9063 -10.8898
0 0 49 -51.9848 29.5333 20.2359 25.5592
0 0 50 5.00089 21.5768 33.4878 -1.61859
0 0 51 61.2675 38.1429 43.4268 -22.1526
0 0 52 83.8281 58.0044 31.5001 -28.7797
0 0 53 76.5476 63.9718 11.6221 -30.1185
0 0 54 61.9866 37.4897 -10.9063 -28.7797
0 0 55 52.0096 16.9454 -24.1583 -27.4576
0 0 56 58.6609 28.1973 -22.8331 -24.8135
0 0 57 28.1906 16.2625 1.6831 8.99147
0 0 58 -9.65001 16.9454 -8.25588 1.69496
0 0 59 -20.8854 15.6094 -27.4713 -22.1526
0 0 60 -19.5371 20.9236 -6.93068 -26.1355
0 0 61 0.956162 34.8178 29.5123 -20.8305
0 0 62 18.2137 29.5333 54.0572 -18.1863
0 0 63 51.3804 40.132 42.1016 -53.966
0 0 64 43.3808 63.9718 46.0772 -42.7033
0 0 65 22.1685 47.4057 60.0206 -7.57629
0 0 66 18.9327 45.4165 50.0528 -14.8728
0 0 67 -2.27962 48.7416 71.9474 3.01704
0 0 68 -2.27962 44.1103 75.2604 10.3135
0 0 69 -25.4694 50.7308 45.4146 6.33059
0 0 70 -34.0981 51.3839 44.0894 -4.93214
0 0 71 -36.7946 30.1864 40.7764 7
0 0 72 -3.62786 33.5115 71.9474 32.1863
0 0 73 21.5393 51.3839 88.5124 12.305
0 0 74 24.1459 33.5115 73.2726 10.983
0 0 75 9.58491 26.8613 80.5612 -10.2372
0 0 76 -5.60528 -0.956724 67.9718 -27.4576
0 0 77 1.67522 -14.8806 60.6832 -27.4576
0 0 78 17.5845 -33.4358 40.1138 -34.7541
0 0 79 55.9644 -32.7827 15.5977 -33.432
0 0 80 44.7291 13.6203 -10.9063 -24.8135
0 0 81 -1.65044 31.5224 -8.91848 10.983
0 0 82 -1.02126 11.6312 6.98389 12.9577
0 0 83 24.865 -2.2927 2.3457 -34.7541
0 0 84 27.4716 6.31693 6.98389 -41.3812
0 0 85 32.1455 4.32781 2.3457 -30.7712
0 0 86 54.7061 32.8287 -18.8575 -21.4999
0 0 87 10.9332 18.9345 -4.94289 -19.5084
0 0 88 -25.4694 13.6203 8.30909 14.2965
0 0 89 -6.32434 42.7743 -40.0606 -1.61859
0 0 90 0.956162 16.2625 -38.7354 -3.61007
0 0 91 -21.5145 -12.8915 -26.1461 12.305
0 0 92 -26.8176 -18.8588 -7.59328 18.2627
0 0 93 -26.8176 -14.8806 -10.9063 34.1611
0 0 94 -41.3786 11.6312 32.8252 37.4746
0 0 95 -28.795 6.99976 31.5001 -12.8813
0 0 96 -27.5367 -8.26007 2.3457 -1.61859
0 0 97 -46.6817 -17.5228 -6.93068 40.7882
0 0 98 -79.2193 -1.60987 22.8863 26.2119
0 0 99 -73.1971 6.31693 13.6099 3.01704
0 0 100 -5.60528 -6.92409 -21.5079 -11.5592
0 0 101 68.548 5.01064 -51.9874 -1.61859
0 0 102 103.692 5.66379 -60.6012 -7.57629
0 0 103 132.185 -43.3814 -69.215 -25.4661
0 0 104 173.981 -83.1342 -103.008 -24.8135
0 0 105 194.474 -110.952 -147.402 -14.2034
0 0 106 232.944 -159.344 -162.641 -24.8135
0 0 107 268.088 -195.802 -167.28 -44.6948
0 0 108 216.405 -169.943 -145.414 -48.661
0 0 109 128.859 -131.497 -117.585 -41.3812
0 0 110 36.1003 -79.8091 -59.9386 -17.5169
0 0 111 -20.1663 -44.6877 -67.8898 -9.56777
0 0 112 -14.234 -37.4141 -55.3004 -10.8898
0 0 113 -2.99868 -57.2756 -53.9752 -14.2034
0 0 114 10.9332 -37.4141 -65.2394 0.37289
0 0 115 5.00089 -10.9023 -66.5646 8.99147
0 0 116 12.9106 -8.91321 -78.4914 20.9236
0 0 117 70.6153 -24.8262 -89.7555 25.5592
0 0 118 142.162 -64.5789 -109.634 18.2627
0 0 119 179.913 -61.9367 -120.898 -12.8813
0 0 120 171.284 -36.7312 -95.0563 11.6356
0 0 121 134.882 -33.4358 -97.0441 56.0339
0 0 122 80.5024 -34.089 -77.8288 54.7118
0 0 123 41.4034 -18.8588 -38.7354 12.305
0 0 124 30.7972 -18.8588 -22.8331 0.37289
0 0 125 8.32655 6.31693 -30.1216 28.8728
0 0 126 -31.4915 22.2299 -11.5689 15.6186
0 0 127 -44.0751 30.1864 -27.4713 -10.8898
0 0 128 -53.333 32.1755 -35.4224 12.9577
0 0 129 -44.0751 4.32781 -33.4346 5.00852
0 0 130 -20.1663 5.01064 -46.024 -22.1526
0 0 131 -2.27962 12.9671 -52.65 -12.2119
0 0 132 -32.1207 -2.2927 -46.024 14.2965
0 0 133 -67.2649 6.31693 -39.398 -6.25421
0 0 134 -73.9162 -4.28182 -16.8697 -14.2034
0 0 135 -44.0751 -9.56636 -21.5079 8.32207
0 0 136 -15.5823 12.9671 -42.711 4.35585
0 0 137 -22.2336 18.2517 -42.711 16.9407
0 0 138 -89.8255 15.6094 -17.5323 22.8984
0 0 139 -116.251 5.01064 6.32129 20.9236
0 0 140 -69.8715 -6.27095 6.98389 8.32207
0 0 141 -46.6817 -2.2927 -21.5079 -11.5592
0 0 142 -32.8398 8.98889 -13.5567 1.69496
0 0 143 -18.9079 1.0324 8.30909 31.5169
0 0 144 -37.4238 -10.2492 25.5367 12.305
0 0 145 -32.1207 -1.60987 18.2481 -4.26274
0 0 146 -25.4694 -10.9023 37.4634 10.983
0 0 147 3.02347 -12.8915 33.4878 3.68644
0 0 148 -12.8858 12.2843 32.8252 8.99147
0 0 149 -32.8398 4.32781 32.1627 3.68644
0 0 150 -60.6136 -10.9023 20.2359 14.2965
0 0 151 -65.9166 -10.2492 12.9473 19.5848
0 0 152 -10.9084 -16.8697 20.8985 6.33059
0 0 153 14.2588 -6.92409 -6.93068 5.00852
0 0 154 0.956162 -4.28182 34.1504 1.04229
0 0 155 -18.9079 -12.2383 71.2848 -2.27126
0 0 156 -20.1663 15.6094 55.3824 13.6271
0 0 157 -16.2115 24.219 30.8375 20.2542
0 0 158 9.58491 4.32781 4.3335 -18.1863
0 0 159 30.1681 22.2299 -6.93068 -18.839
0 0 160 32.1455 12.2843 25.5367 2.36437
0 0 161 10.304 1.0324 18.9107 -21.4999
0 0 162 -9.65001 16.2625 11.6221 -40.7118
0 0 163 24.1459 7.65291 -2.95509 -44.0254
0 0 164 42.1225 1.0324 -4.94289 -33.432
0 0 165 28.1906 -7.57724 18.2481 -17.5169
0 0 166 -2.99868 3.02152 30.8375 -15.5255
0 0 167 -16.9305 -15.5337 10.2969 -18.839
0 0 168 -34.0981 -18.176 16.2603 -14.8728
0 0 169 -25.4694 -18.176 18.2481 -12.2119
0 0 170 -1.02126 10.978 10.2969 -19.5084
0 0 171 18.2137 43.4274 -20.8453 -16.8643
0 0 172 -16.2115 30.8395 -34.7598 -18.1863
0 0 173 -20.1663 -0.956724 -17.5323 -22.822
0 0 174 10.9332 -20.1651 16.9229 -4.93214
0 0 175 30.7972 -24.8262 24.2115 10.983
0 0 176 21.5393 -38.0672 6.32129 2.36437
0 0 177 -17.5597 -40.0563 -6.26809 16.9407
0 0 178 -26.8176 -28.1216 19.5733 23.5678
0 0 179 -16.2115 -34.7421 3.0083 20.9236
0 0 180 -18.1889 -31.4467 -1.62989 10.3135
0 0 181 5.00089 1.0324 -17.5323 -4.26274
0 0 182 -12.2566 10.2952 3.0083 3.01704
0 0 183 -35.4464 9.64203 7.64649 22.2457
0 0 184 -64.5684 -11.5555 -17.5323 38.8134
0 0 185 -48.6591 -40.0563 -29.459 25.5592
0 0 186 -22.2336 -46.0237 -56.6256 36.1526
0 0 187 -1.02126 -44.0346 -48.6744 39.4661
0 0 188 14.2588 -56.6225 -43.3736 34.1611
0 0 189 -43.4459 -63.9258 4.3335 30.1949
0 0 190 -88.4772 -40.7095 -0.967295 5.00852
0 0 191 -37.4238 -16.8697 -32.772 -9.56777
0 0 192 -10.9084 -34.089 -6.26809 -4.26274
0 0 193 23.5167 -10.2492 4.3335 -7.57629
0 0 194 12.2814 -5.58811 20.2359 -10.8898
0 0 195 3.65265 -2.94585 14.9351 -0.949184
0 0 196 66.5706 -20.8479 12.2847 -32.7626
0 0 197 211.102 -34.089 6.32129 -51.9745
0 0 198 625.911 -140.789 11.6221 -20.8305
0 0 199 1347.58 -469.469 83.2116 7
0 0 200 1888.94 -803.493 270.064 67.2966
0 0 201 2097.65 -851.826 637.864 212.424
0 0 202 2350.85 -574.21 1075.9 404.61
0 0 203 2981.02 -199.097 1409.22 537.152
0 0 204 3915.35 207.129 1468.88 419.855
0 0 205 4894.18 647.794 1268.08 173.33
0 0 206 5715.17 1043.42 876.429 -72.5253
0 0 207 5774.13 1093.8 321.113 -331.635
0 0 208 4661.56 623.271 -195.138 -559.584
0 0 209 2923.41 -4.93497 -419.096 -526.482
0 0 210 1863.06 -450.291 -297.84 -266.05
0 0 211 1413.1 -543.69 -69.8776 -45.3474
0 0 212 982.386 -346.233 65.3214 31.5169
0 0 213 422.417 -70.5463 87.8498 38.144
0 0 214 61.9866 55.3622 77.9108 11.6356
0 0 215 -18.9079 57.3513 41.439 -26.8049
0 0 216 -67.2649 28.1973 34.813 -2.27126
0 0 217 -74.5454 28.1973 15.5977 5.67792
0 0 218 -108.97 25.555 11.6221 26.2119
0 0 219 -101.69 18.2517 32.1627 10.983
0 0 220 -61.9618 6.99976 28.1871 -10.2372
0 0 221 -66.6357 -4.93497 27.5245 -4.26274
0 0 222 -90.4546 -6.27095 16.9229 -1.61859
0 0 223 -100.432 1.0324 -1.62989 7
0 0 224 -85.1516 9.64203 4.3335 14.9492
0 0 225 -61.3326 1.0324 2.3457 5.67792
0 0 226 -67.8941 -12.8915 -13.5567 8.99147
0 0 227 -50.0074 -14.8806 -38.0728 4.35585
0 0 228 -70.5905 -0.956724 -25.4835 0.37289
0 0 229 -83.1741 6.99976 -34.0972 -3.61007
0 0 230 -72.568 -2.94585 -16.8697 8.32207
0 0 231 -54.6813 -21.5011 -3.61769 8.99147
0 0 232 -70.5905 -50.0019 5.65869 5.67792
0 0 233 -47.4008 -35.4249 0.357903 1.69496
0 0 234 -38.772 -5.58811 18.9107 5.00852
0 0 235 -44.7043 8.30605 14.2725 -18.1863
0 0 236 -20.8854 14.9563 20.2359 -27.4576
0 0 237 -2.99868 1.0324 14.2725 -34.0847
0 0 238 1.67522 6.31693 -8.25588 -20.1778
0 0 239 -15.5823 23.5659 -10.2437 -8.89836
0 0 240 -39.4012 -1.60987 -9.58108 -17.5169
0 0 241 -37.4238 -20.1651 10.2969 -6.92362
0 0 242 -42.0977 -20.8479 37.4634 5.00852
0 0 243 -40.1203 -39.4032 28.8497 -6.92362
0 0 244 -28.1659 -36.7312 14.2725 8.99147
0 0 245 -24.8402 -8.91321 -0.967295 24.2372
0 0 246 -67.2649 -2.94585 -5.60549 27.534
0 0 247 -49.3782 1.68554 4.9961 3.68644
0 0 248 -3.62786 12.9671 11.6221 -16.8643
0 0 249 -9.65001 26.8613 7.64649 -17.5169
0 0 250 -36.0756 24.219 8.97169 -2.27126
0 0 251 -56.6587 8.30605 0.357903 6.33059
0 0 252 -79.2193 12.2843 10.2969 4.35585
0 0 253 -81.1967 -20.8479 13.6099 1.69496
0 0 254 -36.0756 -57.2756 10.9595 -4.93214
0 0 255 -2.27962 -61.2538 20.8985 -22.1526
0 0 256 22.8876 -20.8479 -7.59328 -11.5592
0 0 257 -22.8628 6.99976 19.5733 14.2965
0 0 258 -31.4915 20.9236 53.3946 14.2965
0 0 259 30.7972 39.4492 52.0406 -12.8813
0 0 260 23.5167 43.4274 56.045 -21.4999
0 0 261 26.8424 58.0044 39.4512 -12.2119
0 0 262 21.5393 58.6873 34.813 -8.24569
0 0 263 -4.9761 46.7525 38.126 -11.5592
0 0 264 -12.2566 37.4897 30.8375 -16.1949
0 0 265 -1.02126 21.5768 32.1627 -4.93214
0 0 266 2.3044 2.36838 44.0894 1.69496
0 0 267 -20.8854 -16.1869 40.7764 3.68644
0 0 268 -37.4238 -30.7936 15.5977 20.2542
0 0 269 -50.7264 -26.8153 -22.8331 21.5763
0 0 270 -46.6817 -18.8588 -22.8331 4.35585
0 0 271 -27.5367 -12.8915 -16.2071 -14.8728
0 0 272 -4.34692 4.32781 -27.4713 -25.4661
0 0 273 -18.1889 7.65291 -15.5445 -20.8305
0 0 274 -43.4459 -6.27095 -10.9063 -22.822
0 0 275 -38.772 -16.1869 -15.5445 -12.8813
0 0 276 -19.5371 -26.8153 -38.0728 6.33059
0 0 277 -1.02126 -66.5681 -53.9752 30.8475
0 0 278 -13.6049 -89.1016 -57.9508 46.0932
0 0 279 -28.1659 -81.1451 -47.3492 16.2712
0 0 280 -41.3786 -61.2538 -26.8087 -8.89836
0 0 281 -43.4459 -38.7204 -2.95509 7.6694
0 0 282 -16.9305 -33.4358 -12.8941 11.6356
0 0 283 17.5845 -42.0455 -24.8209 13.6271
0 0 284 22.1685 -37.4141 -16.8697 26.2119
0 0 285 9.58491 -22.1542 -18.8575 32.839
0 0 286 5.63007 -22.8371 -32.1094 24.2372
0 0 287 11.5623 -32.0998 -30.7842 8.32207
0 0 288 5.00089 -38.7204 -21.5079 10.3135
0 0 289 -9.65001 -16.1869 4.3335 24.8898
0 0 290 1.67522 14.9563 12.9473 36.1526
0 0 291 12.9106 32.1755 23.5489 38.8134
0 0 292 30.1681 40.132 40.1138 18.9321
0 0 293 61.2675 34.8178 33.4878 13.6271
0 0 294 75.1993 27.5441 8.97169 29.5255
0 0 295 60.6383 12.9671 -4.28029 38.144
0 0 296 28.1906 3.02152 -5.60549 36.1526
0 0 297 2.3044 4.32781 -14.2193 15.6186
0 0 298 9.58491 4.32781 -10.2437 -6.92362
0 0 299 17.5845 -7.57724 1.0205 -6.92362
0 0 300 10.9332 5.66379 3.0083 8.32207
0 0 301 -11.6274 13.6203 -0.967295 34.8305
0 0 302 -42.0977 4.32781 2.3457 40.7882
0 0 303 -50.7264 1.68554 -20.8453 30.1949
0 0 304 -46.0525 -6.92409 -33.4346 18.9321
0 0 305 -36.7946 -2.94585 -43.3736 1.69496
0 0 306 -31.4915 7.65291 -51.9874 9.64414
0 0 307 -47.4008 1.0324 -45.3614 24.8898
0 0 308 -56.6587 8.98889 -26.8087 3.01704
0 0 309 -59.2653 18.9345 11.6221 -3.61007
0 0 310 -44.7043 -5.58811 30.1749 -18.1863
0 0 311 -9.65001 -27.4685 18.9107 -37.3983
0 0 312 -6.32434 -6.27095 12.2847 -30.7712
0 0 313 -20.8854 17.5985 15.5977 -12.8813
0 0 314 -51.3556 14.9563 16.9229 -0.949184
0 0 315 -58.007 3.02152 18.9107 -2.94066
0 0 316 -32.1207 -21.5011 -2.95509 5.67792
0 0 317 -15.5823 -28.1216 1.6831 -3.61007
0 0 318 -18.1889 -0.956724 8.97169 -3.61007
0 0 319 -32.1207 16.2625 -16.8697 -1.61859
0 0 320 -59.2653 16.2625 -26.1461 -24.8135
0 0 321 -61.9618 1.68554 -5.60549 -21.4999
0 0 322 -54.6813 -2.94585 12.2847 9.64414
0 0 323 -44.0751 8.98889 20.2359 32.1863
0 0 324 -34.8172 32.1755 8.30909 38.8134
0 0 325 -40.7495 30.8395 -8.25588 32.839
0 0 326 -28.795 28.8504 -5.60549 32.839
0 0 327 -17.5597 43.4274 0.357903 28.2034
0 0 328 -10.9084 58.0044 8.30909 30.8475
0 0 329 22.1685 54.709 -1.62989 34.8305
0 0 330 41.4034 34.1646 -18.1949 20.9236
0 0 331 40.0552 18.2517 -0.967295 8.99147
0 0 332 65.9414 34.1646 36.8008 -2.94066
0 0 333 71.8737 50.0776 63.3336 -4.93214
0 0 334 50.6613 48.7416 71.2848 11.6356
0 0 335 24.1459 36.8069 77.2482 28.8728
0 0 336 -5.60528 13.6203 56.045 16.9407
0 0 337 -41.3786 7.65291 13.6099 8.32207
0 0 338 -55.3105 -4.93497 -9.58108 -8.24569
0 0 339 -28.795 -5.58811 -31.4468 -14.2034
0 0 340 0.956162 -6.27095 -40.7232 3.01704
0 0 341 -14.8632 -4.28182 -20.8453 13.6271
0 0 342 -49.3782 5.01064 5.65869 -3.61007
0 0 343 -54.6813 12.9671 11.6221 -28.7797
0 0 344 -18.1889 0.379254 13.6099 -40.7118
0 0 345 3.65265 -9.56636 20.8985 -11.5592
0 0 346 -18.9079 3.67466 11.6221 -2.94066
0 0 347 -62.591 9.64203 1.6831 -24.1441
0 0 348 -68.6131 2.36838 -12.2315 -20.8305
0 0 349 -42.0977 -3.59899 -21.5079 0.37289
0 0 350 -14.234 -12.2383 -14.8819 -6.25421
0 0 351 19.5619 -5.58811 -17.5323 -34.7541
0 0 352 39.426 20.9236 -4.28029 -38.0677
0 0 353 5.63007 50.0776 3.0083 -8.89836
0 0 354 -13.6049 58.0044 12.9473 12.305
0 0 355 5.63007 43.4274 26.8619 -0.949184
0 0 356 38.0778 24.219 24.8741 -7.57629
0 0 357 45.3583 14.2734 35.4756 -28.127
0 0 358 17.5845 16.2625 44.752 -26.8049
0 0 359 -2.99868 18.2517 34.813 -9.56777
0 0 360 5.00089 2.36838 23.5489 -3.61007
0 0 361 45.3583 -18.176 24.2115 -4.26274
0 0 362 70.6153 -17.5228 29.5123 10.983
0 0 363 69.2671 -16.8697 27.5245 14.9492
0 0 364 36.1003 -14.2274 14.2725 -8.89836
0 0 365 22.1685 -1.60987 8.30909 -16.1949
0 0 366 27.4716 12.9671 26.1993 6.33059
0 0 367 54.7061 18.9345 53.3946 1.69496
0 0 368 74.5702 23.5659 83.2116 -10.8898
0 0 369 44.0999 14.2734 79.8986 1.04229
0 0 370 -1.02126 7.65291 50.7154 -2.27126
0 0 371 -26.8176 -2.94585 28.1871 1.04229
0 0 372 -24.8402 -24.1434 24.2115 8.32207
0 0 373 1.67522 -28.1216 11.6221 -1.61859
0 0 374 -4.34692 0.379254 12.9473 -16.1949
0 0 375 -18.9079 6.99976 19.5733 -20.8305
0 0 376 -17.5597 6.31693 16.9229 -26.8049
0 0 377 -33.4689 -3.59899 41.439 -42.7033
0 0 378 -26.8176 -26.8153 52.0406 -48.0083
0 0 379 16.2362 -36.7312 25.5367 -51.3219
0 0 380 32.7747 -44.0346 17.5855 -30.1185
0 0 381 -11.6274 -30.7936 17.5855 -5.58481
0 0 382 -32.8398 -31.4467 16.2603 26.8813
0 0 383 -12.2566 -51.9911 22.8863 40.7882
0 0 384 -1.02126 -38.0672 24.8741 30.1949
0 0 385 13.6296 -28.1216 14.9351 24.8898
0 0 386 0.326982 -41.3923 30.1749 30.8475
0 0 387 -30.7725 -34.089 37.4634 38.8134
0 0 388 -34.0981 -15.5337 16.9229 39.4661
0 0 389 -24.211 -22.1542 -0.304696 29.5255
0 0 390 -13.6049 -28.8044 6.32129 27.534
0 0 391 12.9106 -18.176 8.30909 9.64414
0 0 392 28.1906 -6.27095 16.9229 -4.93214
0 0 393 22.8876 -7.57724 24.2115 -1.61859
0 0 394 27.4716 -6.27095 36.1382 7
0 0 395 38.7968 -1.60987 30.1749 19.5848
0 0 396 42.1225 -20.8479 -2.29249 24.2372
0 0 397 32.1455 -11.5555 -41.3858 13.6271
0 0 398 10.304 3.67466 -34.0972 11.6356
0 0 399 -12.8858 -0.303579 -8.91848 12.9577
0 0 400 -17.5597 -2.94585 -15.5445 2.36437
0 0 401 4.28183 11.6312 -13.5567 -25.4661
0 0 402 13.6296 7.65291 -10.2437 -34.0847
0 0 403 -13.6049 0.379254 18.2481 -27.4576
0 0 404 -41.3786 7.65291 42.1016 -26.8049
0 0 405 -53.333 4.32781 38.126 -16.1949
0 0 406 -35.4464 -12.8915 20.8985 -6.92362
0 0 407 -1.65044 -21.5011 -8.25588 -24.1441
0 0 408 -8.93095 -19.512 -18.8575 -17.5169
0 0 409 -28.1659 -12.2383 -34.0972 20.2542
0 0 410 -29.5141 -35.4249 -51.9874 30.8475
0 0 411 -2.27962 -54.6333 -26.1461 13.6271
0 0 412 44.0999 -35.4249 -0.967295 -12.2119
0 0 413 55.3353 -8.91321 8.30909 -20.8305
0 0 414 61.2675 18.9345 6.98389 -3.61007
0 0 415 59.2901 13.6203 14.9351 18.2627
0 0 416 44.7291 10.2952 17.5855 26.2119
0 0 417 53.3578 14.9563 2.3457 24.8898
