0 0 0 35421 -1128.17 107.58 -97.9938
0 0 1 35410.9 -1129.61 96.5924 -90.4531
0 0 2 35422.3 -1126.33 99.0031 -98.1422
0 0 3 35411.9 -1134.76 105.037 -94.8577
0 0 4 35419.9 -1125.91 105.787 -95.2959
0 0 5 35415.8 -1123.61 103.172 -99.0992
0 0 6 35420.9 -1131.45 104.102 -95.253
0 0 7 35419.5 -1127.54 106.124 -92.9584
0 0 8 35418.6 -1129.09 104.358 -101.688
0 0 9 35413.9 -1133.69 93.2812 -103.666
0 0 10 35415.4 -1127.68 103.421 -93.3785
0 0 11 35414.7 -1131.42 101.911 -83.7318
0 0 12 35419 -1121.85 102.901 -92.2604
0 0 13 35415.7 -1128.22 97.4191 -95.8093
0 0 14 35419.2 -1126.01 101.712 -98.7837
0 0 15 35410.5 -1125.14 103.866 -98.1381
0 0 16 35420.7 -1129.9 108.756 -92.4597
0 0 17 35414.7 -1127.26 100.429 -100.578
0 0 18 35416.4 -1125.44 99.4488 -96.4254
0 0 19 35407.7 -1133.9 97.1337 -92.3852
0 0 20 35417.8 -1126.57 100.471 -91.447
0 0 21 35409.9 -1127.68 97.8842 -89.6108
0 0 22 35416.9 -1128.94 106.484 -91.8383
0 0 23 35407.2 -1129.57 102.071 -92.7846
0 0 24 35421.9 -1119.5 106.186 -95.9107
0 0 25 35414.8 -1124.28 92.2146 -97.6026
0 0 26 35418.8 -1133.71 107.555 -97.3019
0 0 27 35411.6 -1129.62 98.6392 -93.8416
0 0 28 35416.8 -1127.72 101.175 -92.1269
0 0 29 35409.4 -1136.55 100.456 -93.3436
0 0 30 35411.5 -1121.74 109.127 -95.7576
0 0 31 35411.7 -1128.94 93.3824 -95.1509
0 0 32 35418.4 -1127.67 96.6879 -101.051
0 0 33 35411.9 -1126.73 107.329 -99.2884
0 0 34 35415.9 -1130.7 100.498 -101.284
0 0 35 35409.7 -1126.92 100.103 -92.3141
0 0 36 35422.7 -1130.99 104.899 -97.2576
0 0 37 35416.2 -1130.26 93.2095 -104.337
0 0 38 35415.5 -1130.7 102.061 -100.258
0 0 39 35412.7 -1129.37 92.4227 -94.9557
0 0 40 35419.6 -1128.32 95.4064 -96.2986
0 0 41 35416.5 -1124.54 97.8853 -95.4711
0 0 42 35416.5 -1128.29 100.031 -103.285
0 0 43 35415.9 -1126.62 101.861 -99.6159
0 0 44 35419.6 -1131.35 102.925 -94.4053
0 0 45 35414.6 -1127.42 98.6335 -93.2973
0 0 46 35417.8 -1129.49 99.9275 -95.8476
0 0 47 35417.1 -1121.29 105.033 -94.2758
0 0 48 35415.3 -1128.73 101.29 -98.5576
0 0 49 35414.3 -1131.03 104.957 -92.5423
0 0 50 35426.6 -1130.74 99.3965 -98.6119
0 0 51 35409.4 -1124.22 99.8729 -95.6134
0 0 52 35416.5 -1130.73 101.377 -95.4295
0 0 53 35407.2 -1129.33 90.8341 -98.6388
0 0 54 35420.2 -1121.3 104.275 -104.623
0 0 55 35413.3 -1129.77 97.5317 -93.6255
0 0 56 35420.8 -1129.2 101.631 -95.8053
0 0 57 35413.8 -1135.12 102.785 -95.3073
0 0 58 35414.6 -1127.94 107.239 -100.351
0 0 59 35416.7 -1125.07 104.046 -94.1584
0 0 60 35423.1 -1129.61 100.875 -97.3892
0 0 61 35410.6 -1134.88 99.8241 -99.4522
0 0 62 35421 -1131.47 105.58 -92.8799
0 0 63 35407.9 -1131.68 95.5975 -97.4308
0 0 64 35427.7 -1125.77 105.602 -93.8664
0 0 65 35412.9 -1125.55 102.721 -96.5543
0 0 66 35422.9 -1126.47 100.646 -97.11
0 0 67 35410.1 -1119.71 96.9779 -98.1677
0 0 68 35418.7 -1130.69 108.826 -98.1992
0 0 69 35412.5 -1124.47 94.1192 -97.8415
0 0 70 35427.7 -1125.58 107.528 -98.069
0 0 71 35406.4 -1126.25 98.7631 -101.331
0 0 72 35414.5 -1127.2 108.208 -93.3134
0 0 73 35410.3 -1123.31 95.0357 -94.2986
0 0 74 35413.8 -1126.11 106.132 -92.2188
0 0 75 35407 -1127.54 94.8333 -102.373
0 0 76 35416.2 -1131.92 102.707 -97.7985
0 0 77 35410.8 -1129.18 99.3067 -93.6235
0 0 78 35417.3 -1126.26 104.736 -99.0334
0 0 79 35411.2 -1132.34 101.426 -95.5845
0 0 80 35424 -1125.91 104.188 -95.9328
0 0 81 35415.1 -1132.57 101.168 -93.847
0 0 82 35420.2 -1122.48 102.607 -97.161
0 0 83 35417.3 -1131.45 94.8674 -92.3108
0 0 84 35412.5 -1126.14 104.25 -99.6656
0 0 85 35419.5 -1127.35 98.7017 -95.6134
0 0 86 35417.5 -1122.74 108.697 -101.937
0 0 87 35407.8 -1128.25 104.089 -100.322
0 0 88 35418.2 -1125.62 102.224 -97.0187
0 0 89 35412.9 -1124.48 97.6681 -97.1348
0 0 90 35419.2 -1130.49 105.074 -95.5254
0 0 91 35411.4 -1126.54 95.2643 -102.955
0 0 92 35419.2 -1130.22 104.349 -89.0981
0 0 93 35409.9 -1124.44 97.9626 -93.5785
0 0 94 35424.1 -1125.74 99.6387 -98.9066
0 0 95 35409.4 -1124.2 96.1455 -98.5113
0 0 96 35417.7 -1126.08 109.011 -93.5376
0 0 97 35410 -1131.8 101.821 -93.9745
0 0 98 35410.8 -1129.48 106.129 -91.3725
0 0 99 35408.7 -1125.39 89.4173 -101.719
0 0 100 35415.1 -1129.56 104.955 -98.4837
0 0 101 35417.9 -1129.77 106.178 -96.3274
0 0 102 35413.1 -1128.2 107.734 -100.833
0 0 103 35408.2 -1125.52 103.761 -97.3831
0 0 104 35414.3 -1136.64 100.578 -96.463
0 0 105 35410.8 -1129.63 103.849 -90.4605
0 0 106 35417.6 -1129.51 98.538 -89.2108
0 0 107 35409.8 -1124.71 103.428 -101.943
0 0 108 35421.2 -1120.38 99.6421 -91.186
0 0 109 35414 -1124.66 95.627 -93.3436
0 0 110 35424.9 -1130.63 100.373 -95.2254
0 0 111 35411.1 -1124.75 103.092 -95.9972
0 0 112 35415.1 -1130.77 106.569 -97.2288
0 0 113 35413.1 -1126.66 99.0997 -93.0906
0 0 114 35416.1 -1122.76 108.944 -94.7953
0 0 115 35412 -1123.37 97.7625 -97.6556
0 0 116 35417.8 -1127.54 96.8915 -100.786
0 0 117 35420.6 -1128.59 104.454 -98.6301
0 0 118 35417.4 -1128.35 102.012 -95.3536
0 0 119 35408.3 -1128.91 101.96 -92.9973
0 0 120 35411.9 -1127.28 106.64 -99.8327
0 0 121 35412.9 -1129.19 100.153 -95.9919
0 0 122 35408.4 -1121.82 97.1746 -89.2907
0 0 123 35411.2 -1131.27 99.0895 -99.9273
0 0 124 35418.3 -1128.03 100.713 -94.4818
0 0 125 35414.7 -1125.66 98.3799 -95.8778
0 0 126 35422.3 -1131.65 100.337 -88.2102
0 0 127 35410.5 -1130.76 103.813 -94.6033
0 0 128 35418 -1133.54 103.675 -100.648
0 0 129 35412.1 -1118.73 97.9547 -96.9167
0 0 130 35418.1 -1125.72 105.132 -94.8375
0 0 131 35415.1 -1125.82 101.19 -91.2296
0 0 132 35421.6 -1126.92 106.493 -98.328
0 0 133 35416.4 -1128.36 101.716 -97.9328
0 0 134 35411.6 -1133.19 105.735 -96.5221
0 0 135 35413.2 -1126.83 98.9746 -99.1663
0 0 136 35418.1 -1126.75 103.947 -101.543
0 0 137 35412 -1132.18 101.5 -92.5362
0 0 138 35421.4 -1121.68 104.418 -95.6731
0 0 139 35414.2 -1120.97 94.4035 -94.8033
0 0 140 35421 -1124.77 103.06 -102.465
0 0 141 35415.1 -1133.87 98.2435 -92.2712
0 0 142 35418.1 -1131.34 98.4675 -95.765
0 0 143 35408.3 -1124.09 94.7333 -94.6369
0 0 144 35415.2 -1128.43 105.12 -101.637
0 0 145 35409 -1128.97 101.631 -96.6268
0 0 146 35420.2 -1127.67 101.024 -99.3381
0 0 147 35413 -1128.78 103.731 -91.4249
0 0 148 35419.5 -1118.82 96.2615 -90.392
0 0 149 35408.2 -1128.09 93.0856 -98.7368
0 0 150 35423.6 -1127.14 103.861 -96.2221
0 0 151 35413.4 -1132.82 98.0149 -93.6845
0 0 152 35423.4 -1130.02 101.658 -98.0616
0 0 153 35412.3 -1120.55 101.93 -93.6557
0 0 154 35425 -1130.07 109.365 -95.2241
0 0 155 35410.1 -1127.62 94.9061 -101.054
0 0 156 35415.1 -1124.31 107.681 -89.8598
0 0 157 35414.8 -1129.06 101.023 -96.961
0 0 158 35418.5 -1128.09 100.047 -95.3764
0 0 159 35413.8 -1131.34 97.2997 -102.046
0 0 160 35420.6 -1133.44 101.44 -91.9893
0 0 161 35420.4 -1131.77 98.8996 -95.3462
0 0 162 35416.3 -1130.94 108.049 -103.297
0 0 163 35419.3 -1122.89 101.259 -99.924
0 0 164 35420.3 -1127.83 99.1236 -100.739
0 0 165 35412.4 -1133.11 96.0728 -97.3979
0 0 166 35418.6 -1132.36 100.68 -100.007
0 0 167 35411.2 -1128.09 93.9259 -92.7906
0 0 168 35422.6 -1127.95 108.985 -89.8209
0 0 169 35418.1 -1124.83 99.2726 -94.2698
0 0 170 35420.7 -1140.36 103.04 -95.6664
0 0 171 35417.8 -1130.92 110.242 -94.0711
0 0 172 35424 -1126.93 104.364 -99.6878
0 0 173 35409.4 -1122.97 99.9378 -92.1195
0 0 174 35418.9 -1124.7 107.622 -90.3457
0 0 175 35413.5 -1133.23 97.8762 -92.9718
0 0 176 35420.2 -1129.45 102.072 -99.8649
0 0 177 35413.4 -1127.18 99.8923 -94.9382
0 0 178 35422.1 -1124.94 97.9012 -97.6885
0 0 179 35416 -1129.06 102.136 -91.8067
0 0 180 35420.1 -1129.26 108.425 -96.369
0 0 181 35415.6 -1131.68 90.7966 -97.1032
0 0 182 35425.3 -1127.97 102.858 -95.9798
0 0 183 35424.7 -1125.48 97.6715 -98.4348
0 0 184 35435.8 -1126.4 103.107 -99.073
0 0 185 35432.8 -1124.47 100.834 -92.241
0 0 186 35440.5 -1122.87 103.067 -91.5188
0 0 187 35436.7 -1129.62 99.077 -93.6356
0 0 188 35440.2 -1127.8 105.613 -95.1208
0 0 189 35435.7 -1126.96 93.1868 -98.1717
0 0 190 35445.4 -1131.08 100.235 -92.8966
0 0 191 35442.2 -1120.24 92.6319 -93.6295
0 0 192 35450.7 -1122.23 95.9249 -92.2584
0 0 193 35450.1 -1123.16 80.3046 -98.1972
0 0 194 35442.2 -1117.93 89.5253 -99.8898
0 0 195 35434.6 -1129.34 83.974 -99.8837
0 0 196 35445.6 -1125.53 93.3062 -102.87
0 0 197 35452.4 -1127.44 81.5895 -102.812
0 0 198 35454.6 -1124.99 96.8767 -97.518
0 0 199 35444.9 -1130.75 92.9833 -97.1113
0 0 200 35442.6 -1128.03 105.514 -96.4549
0 0 201 35428.9 -1130.48 99.3942 -91.8987
0 0 202 35436.2 -1127.36 103.74 -100.327
0 0 203 35420.9 -1127.55 101.688 -95.9073
0 0 204 35420.9 -1121.23 105.147 -101.1
0 0 205 35412.3 -1125.93 95.5736 -94.7234
0 0 206 35424.3 -1129.14 97.2508 -93.0611
0 0 207 35416.5 -1137.98 102.304 -98.5884
0 0 208 35421.1 -1134.07 101.746 -100.615
0 0 209 35422.1 -1128.28 98.5835 -91.3772
0 0 210 35423.8 -1135.34 100.265 -94.308
0 0 211 35412.2 -1131.6 98.5414 -101.945
0 0 212 35415.8 -1124.94 100.803 -100.39
0 0 213 35414.6 -1125.13 103.325 -92.4987
0 0 214 35419.2 -1126.9 101.823 -99.5059
0 0 215 35416.4 -1125.5 96.423 -97.2328
0 0 216 35418.9 -1125.62 103.675 -91.6705
0 0 217 35406.3 -1125.48 99.7001 -100.141
0 0 218 35412.1 -1118.52 111.3 -90.4323
0 0 219 35413.2 -1124.82 93.8259 -94.461
0 0 220 35415.5 -1129.91 109.281 -97.1402
0 0 221 35420.7 -1129.67 97.4612 -100.723
0 0 222 35419.7 -1126.87 101.621 -93.2148
0 0 223 35412.4 -1126.85 98.3799 -96.3751
0 0 224 35421.1 -1126.48 106.551 -97.5355
0 0 225 35414.9 -1126.87 100.296 -99.971
0 0 226 35421 -1128.55 104.502 -94.1161
0 0 227 35412.6 -1128.77 92.1668 -97.012
0 0 228 35425.8 -1133.86 104.002 -101.588
0 0 229 35412.8 -1127.33 101.753 -96.9972
0 0 230 35417.5 -1131.45 103.415 -102.302
0 0 231 35410.8 -1128.36 104.833 -93.1718
0 0 232 35414.6 -1129.01 104.283 -101.286
0 0 233 35417.4 -1123.84 98.646 -98.7106
0 0 234 35411.5 -1123.06 100.569 -97.5428
0 0 235 35408.7 -1126.61 102.177 -103.708
0 0 236 35417.1 -1125.02 96.8949 -99.5159
0 0 237 35413 -1133 98.7313 -102.953
0 0 238 35419.9 -1128.02 107.609 -97.863
0 0 239 35407.4 -1134.64 101.286 -94.2476
0 0 240 35412.5 -1130.27 108.465 -96.5449
0 0 241 35414.1 -1128.16 94.4615 -89.8645
0 0 242 35416.7 -1136.23 104.366 -97.8354
0 0 243 35416 -1127.54 107.714 -92.2436
0 0 244 35424.1 -1133.95 99.2589 -101.002
0 0 245 35413.5 -1133.97 100.329 -93.3752
0 0 246 35420.8 -1128.41 97.3258 -99.5307
0 0 247 35411.2 -1124.18 94.6161 -96.7227
0 0 248 35422.4 -1126.87 103.483 -96.8066
0 0 249 35409.1 -1123.81 97.4703 -90.0726
0 0 250 35427.5 -1123.23 106.887 -99.5146
0 0 251 35412.8 -1127.28 100.775 -93.1839
0 0 252 35421 -1127.15 100.605 -99.2931
0 0 253 35414.6 -1122.5 96.033 -94.5456
0 0 254 35414.1 -1128.97 100.294 -93.3859
0 0 255 35411 -1127.96 97.5851 -97.3804
0 0 256 35415.5 -1124.34 100.388 -91.2
0 0 257 35415.2 -1122.08 105.993 -94.0241
0 0 258 35421.6 -1126.41 103.375 -94.6966
0 0 259 35413.8 -1124.28 95.237 -99.6669
0 0 260 35418.1 -1131.65 104.384 -97.3355
0 0 261 35414.3 -1124.87 105.56 -96.7576
0 0 262 35418.5 -1129.05 99.6421 -93.1476
0 0 263 35410 -1130.3 98.2719 -98.2905
0 0 264 35411.2 -1128.78 100.684 -97.7301
0 0 265 35412.1 -1133.27 98.9485 -100.202
0 0 266 35414.8 -1124.33 113.501 -100.194
0 0 267 35419 -1132.13 95.5497 -103.126
0 0 268 35422.3 -1128.46 102.279 -96.1724
0 0 269 35417.4 -1126.25 100.577 -95.6221
0 0 270 35423.9 -1128.71 104.119 -96.9153
0 0 271 35406.8 -1130.19 98.2412 -99.6267
0 0 272 35417.6 -1130.15 98.961 -99.9985
0 0 273 35407.9 -1127.7 101.486 -93.857
0 0 274 35417.4 -1123.91 108.484 -92.7181
0 0 275 35413.3 -1128.78 101.542 -95.1463
0 0 276 35419.1 -1119.39 106.18 -94.2436
0 0 277 35417 -1131.76 99.3135 -100.311
0 0 278 35421.6 -1122.48 108.692 -93.9725
0 0 279 35416.9 -1127.57 99.0485 -101.531
0 0 280 35424 -1127.28 103.83 -101.314
0 0 281 35411.6 -1129.54 96.614 -100.381
0 0 282 35419.7 -1127.96 100.34 -93.5866
0 0 283 35415.8 -1119.55 105.039 -98.5723
0 0 284 35415.5 -1129.26 104.459 -97.32
0 0 285 35409.2 -1128.33 100.756 -97.2838
0 0 286 35418.7 -1124.92 103.432 -94.1537
0 0 287 35413 -1124.1 107.793 -96.0979
0 0 288 35420.6 -1128.74 103.069 -98.9421
0 0 289 35411.5 -1125.76 99.9889 -100.219
0 0 290 35424.3 -1127.25 104.281 -96.6549
0 0 291 35414.6 -1128.93 101.436 -96.1133
0 0 292 35416.7 -1130.17 99.6774 -94.5765
0 0 293 35413.1 -1122.81 101.6 -95.4885
0 0 294 35418.6 -1132.67 104.903 -92.6
0 0 295 35406.7 -1127.35 97.178 -102.921
0 0 296 35420.4 -1129.64 100.41 -93.4416
0 0 297 35412.7 -1131.93 102.959 -98.6609
0 0 298 35421.4 -1124.04 104.602 -93.1349
0 0 299 35414.7 -1130.4 104.809 -96.3288
0 0 300 35418.9 -1133.34 102.461 -99.2978
0 0 301 35411.6 -1121.74 103.201 -93.7423
0 0 302 35422.6 -1127.67 104.733 -93.6476
0 0 303 35413.6 -1124.94 101.779 -100.224
0 0 304 35414.6 -1125.3 105.656 -94.9013
0 0 305 35412 -1131.2 94.9379 -95.3154
0 0 306 35415 -1125.36 97.8307 -96.2784
0 0 307 35415.5 -1123.09 101.424 -95.7516
0 0 308 35421.9 -1131.45 104.911 -93.0248
0 0 309 35412.5 -1122.53 102.729 -96.0288
0 0 310 35423.9 -1131.46 110.302 -93.7054
0 0 311 35409.5 -1128.49 97.2281 -90.8638
0 0 312 35415.2 -1130.41 104.998 -94.1214
0 0 313 35404.5 -1128.47 98.9519 -93.8349
0 0 314 35424.4 -1127.78 99.9685 -98.4918
0 0 315 35410.2 -1128.43 102.892 -99.5025
0 0 316 35417.8 -1124.08 98.3015 -97.5019
0 0 317 35413.6 -1131.92 97.9603 -95.3335
0 0 318 35421.8 -1124.64 103.862 -99.5502
0 0 319 35410.5 -1131.28 104.543 -92.1967
0 0 320 35417.4 -1127.76 100.235 -95.2986
0 0 321 35417.3 -1131.17 92.865 -94.9812
0 0 322 35410.4 -1127.36 95.8885 -95.2214
0 0 323 35413.2 -1128.03 97.1928 -93.9631
0 0 324 35417.1 -1126.8 104.558 -95.3187
0 0 325 35406.8 -1132.51 99.6808 -96.671
0 0 326 35421.2 -1133.15 107.41 -98.7106
0 0 327 35415 -1124.82 100.63 -91.7819
0 0 328 35420 -1121.96 102.277 -98.5119
0 0 329 35410.1 -1124 99.3544 -94.6335
0 0 330 35419.6 -1124.56 105.682 -99.1193
0 0 331 35415.9 -1124.94 100.462 -91.696
0 0 332 35424 -1130.5 101.537 -95.8415
0 0 333 35412.9 -1127.43 98.8689 -97.7482
0 0 334 35417.4 -1128.45 111.79 -93.2785
0 0 335 35412.9 -1131.29 104.449 -91.5591
0 0 336 35413.1 -1121.87 109.035 -99.9287
0 0 337 35419.8 -1124.57 96.0409 -93.2584
0 0 338 35422.1 -1131.67 100.422 -96.5959
0 0 339 35413 -1123 97.1757 -90.7276
0 0 340 35417 -1125.02 102.97 -97.1375
0 0 341 35415.6 -1127.05 94.1977 -95.1926
0 0 342 35417 -1130.18 104.856 -94.4859
0 0 343 35400.9 -1122.35 100.546 -92.9906
0 0 344 35417.7 -1127.54 103.76 -102.7
0 0 345 35416.6 -1124.84 98.7609 -97.2227
0 0 346 35419.5 -1121.78 107.413 -97.1328
0 0 347 35417.1 -1129.02 99.7251 -98.5965
0 0 348 35416.4 -1128.11 101.481 -98.2972
0 0 349 35419.4 -1125.83 97.1985 -96.2147
0 0 350 35418 -1131.02 106.252 -105.089
0 0 351 35409.1 -1126.7 99.1486 -96.4368
0 0 352 35417.1 -1125.86 104.277 -92.6054
0 0 353 35414.5 -1126.96 104.081 -96.0288
0 0 354 35424.1 -1128.8 105.278 -100.341
0 0 355 35418.4 -1129.75 102.431 -93.5033
0 0 356 35415.1 -1129.1 102.282 -89.8484
0 0 357 35413.7 -1125.49 97.8364 -95.0389
0 0 358 35415.7 -1128.25 103.276 -98.0663
0 0 359 35414.2 -1126.58 102.978 -97.0509
0 0 360 35417.8 -1125.83 105.371 -93.4127
0 0 361 35419.5 -1132.13 100.368 -92.7302
0 0 362 35423.4 -1124.73 101.084 -87.7142
0 0 363 35416.2 -1130.92 89.1853 -93.7537
0 0 364 35416.9 -1125.38 104.558 -98.8106
0 0 365 35414.3 -1129.45 99.2896 -86.5881
0 0 366 35421.3 -1126.53 100.61 -96.5972
0 0 367 35400.1 -1133.21 103.186 -96.3845
0 0 368 35425 -1127.31 100.308 -96.3294
0 0 369 35407.4 -1126.16 100.481 -94.1443
0 0 370 35420.5 -1129.07 103.39 -99.2784
0 0 371 35411.2 -1128.14 102.869 -96.1395
0 0 372 35414.6 -1130.34 98.6494 -92.6873
0 0 373 35410.4 -1130.69 93.7144 -89.8155
0 0 374 35412.3 -1128.12 108.182 -94.5067
0 0 375 35407.5 -1130.31 95.627 -89.0726
0 0 376 35415.7 -1122.67 103.753 -98.7079
0 0 377 35411.2 -1134.18 94.0601 -98.0952
0 0 378 35419.4 -1120.49 106.167 -97.4355
0 0 379 35408.2 -1125.12 93.1277 -95.0805
0 0 380 35412 -1129.42 104.131 -97.0039
0 0 381 35411.8 -1127.45 104.67 -97.4489
0 0 382 35414.9 -1128.09 106.124 -92.5631
0 0 383 35416.6 -1132.31 99.8331 -97.514
0 0 384 35419.7 -1125.79 105.77 -96.1744
0 0 385 35412.7 -1136.21 99.9958 -94.1959
0 0 386 35422.2 -1134.08 102.24 -99.1857
0 0 387 35416.3 -1129.54 101.817 -97.7126
0 0 388 35414.3 -1130.92 105.403 -94.6718
0 0 389 35411.9 -1128.05 98.6949 -92.7295
0 0 390 35424.4 -1129.73 107.287 -96.6127
0 0 391 35415.7 -1131.13 98.6744 -89.1343
0 0 392 35422.1 -1126.31 114.629 -96.1677
0 0 393 35416.8 -1129.13 96.9563 -97.5811
0 0 394 35420.2 -1125.21 105.53 -97.6267
0 0 395 35410.6 -1130.71 99.5125 -90.5537
0 0 396 35412.8 -1124.64 94.8049 -95.6798
0 0 397 35408 -1134.11 101.849 -95.2342
0 0 398 35412.6 -1124.68 104.035 -96.6133
0 0 399 35409.1 -1125.66 96.307 -95.4315
0 0 400 35416.3 -1126.1 105.822 -99.5763
0 0 401 35413.9 -1124.9 101.315 -92.198
0 0 402 35414.9 -1126.43 106.191 -92.4524
0 0 403 35416.9 -1121.02 100.949 -94.5979
0 0 404 35421.9 -1126.93 106.409 -97.4912
0 0 405 35420.4 -1131.62 97.6238 -95.804
0 0 406 35419 -1128.65 104.595 -96.0563
0 0 407 35416.3 -1133.81 95.7453 -99.2938
0 0 408 35412.1 -1121.99 103.58 -95.8315
0 0 409 35413.4 -1123.04 92.1736 -94.706
0 0 410 35418.2 -1123.66 105.281 -96.1073
0 0 411 35413 -1120.2 91.5232 -93.5738
0 0 412 35419.5 -1133.87 102.198 -93.5
0 0 413 35421.8 -1126.77 97.5544 -90.0101
0 0 414 35422.8 -1130.79 101.98 -96.3617
0 0 415 35412.5 -1128 106.062 -94.1
0 0 416 35422.1 -1129.37 97.775 -100.306
0 0 417 35411.7 -1132.82 105.324 -94.9463
0 0 418 35415.3 -1131.35 104.592 -93.1564
0 0 419 35411 -1128.01 99.3681 -98.4187
0 0 420 35415.1 -1132.93 107.346 -92.8134
0 0 421 35416.8 -1125.71 103.043 -92.3349
0 0 422 35420.6 -1123.29 105.002 -98.6529
0 0 423 35411.1 -1125.63 98.1821 -95.4322
0 0 424 35420.2 -1125.72 106.226 -96.8549
0 0 425 35412.2 -1123.52 101.114 -90.6209
0 0 426 35422.4 -1131.08 111.325 -99.3582
0 0 427 35421.2 -1128.34 99.8331 -93.1658
0 0 428 35424.8 -1122.4 105.786 -98.8079
0 0 429 35412.1 -1127.04 99.1532 -99.0321
0 0 430 35417.2 -1117.7 105.204 -96.4677
0 0 431 35418.1 -1125.03 100.54 -91.4081
0 0 432 35418.2 -1129.2 107.047 -93.6
0 0 433 35420.7 -1126.89 95.7123 -91.9262
0 0 434 35420.9 -1122.78 106.804 -88.8719
0 0 435 35415.5 -1127.81 101.146 -99.2737
0 0 436 35417 -1124.44 102.021 -100.032
0 0 437 35409.6 -1131.97 102.286 -99.5931
0 0 438 35420.4 -1128.27 105.814 -91.5544
0 0 439 35413.8 -1125.4 105.039 -94.9375
0 0 440 35418.4 -1125.03 109.368 -99.3831
0 0 441 35413.6 -1119.48 99.4113 -97.4643
0 0 442 35417.2 -1119.76 109.285 -95.1825
0 0 443 35414.7 -1133.44 101.92 -91.1
0 0 444 35418.7 -1120.12 100.428 -92.2967
0 0 445 35412 -1128.85 102.146 -94.0027
0 0 446 35423.5 -1130.71 106.267 -99.4576
0 0 447 35411.7 -1131.71 96.4548 -97.5348
0 0 448 35419.2 -1128.23 104.187 -92.0913
0 0 449 35417.1 -1126.45 108.293 -96.3442
0 0 450 35415.8 -1128.48 105.296 -92.455
0 0 451 35420.3 -1133.7 95.9067 -97.567
0 0 452 35420.3 -1129.5 99.865 -98.8119
0 0 453 35416.4 -1129.08 94.5866 -95.2496
0 0 454 35417 -1126.37 101.355 -96.5731
0 0 455 35414.1 -1132.42 95.2381 -90.8544
0 0 456 35417.9 -1125.27 105.897 -96.0932
0 0 457 35412.5 -1129.87 103.572 -99.0126
0 0 458 35417 -1123.87 103.971 -94.1141
0 0 459 35413.6 -1137.23 98.2332 -95.2583
0 0 460 35419.1 -1122.76 105.282 -90.9423
0 0 461 35418.1 -1131.01 107.614 -94.3859
0 0 462 35417.7 -1126.44 109.505 -96.3362
0 0 463 35413.5 -1129.97 104.759 -98.9643
0 0 464 35418 -1124.35 102.928 -93.0765
0 0 465 35410.7 -1127.34 99.8889 -95.8295
0 0 466 35423.1 -1129.62 104.585 -90.486
0 0 467 35415.3 -1127.82 98.5471 -91.6041
0 0 468 35421.2 -1130.54 105.861 -100.666
0 0 469 35411.4 -1125.15 103.292 -98.7683
0 0 470 35414.6 -1122.29 102.321 -91.245
0 0 471 35415 -1126.68 103.066 -94.81
0 0 472 35420.7 -1132.59 109.866 -103.68
0 0 473 35413.2 -1124.36 99.9958 -95.5442
0 0 474 35415.8 -1126.72 104.261 -93.9476
0 0 475 35416.9 -1131.31 106.963 -93.9067
0 0 476 35419.7 -1130.29 108.087 -91.2725
0 0 477 35410.5 -1124.48 101.286 -94.3422
0 0 478 35418.7 -1123.97 104.74 -95.6912
0 0 479 35414.2 -1125.12 96.5174 -94.4342
0 0 480 35418.7 -1130.32 102.761 -88.0236
0 0 481 35408.6 -1134.24 103.118 -100.685
0 0 482 35415.4 -1129.86 109.469 -89.384
0 0 483 35411.4 -1126.2 99.5614 -95.4006
0 0 484 35415.8 -1132.98 101.812 -91.0215
0 0 485 35417.7 -1131.98 100.589 -92.6886
0 0 486 35416.5 -1125.14 105.993 -86.2633
0 0 487 35411.4 -1120.74 103.961 -94.8845
0 0 488 35418.5 -1128.4 103.084 -92.6242
0 0 489 35417.4 -1127.89 103.236 -88.984
0 0 490 35418.1 -1126.21 95.1369 -100.01
0 0 491 35423.5 -1132.51 103.205 -93.9872
0 0 492 35424.5 -1128.46 107.868 -95.057
0 0 493 35406 -1133.95 99.6967 -89.3357
0 0 494 35416.3 -1129.19 109.351 -87.4807
0 0 495 35414.1 -1129.21 107.279 -93.9711
0 0 496 35417.8 -1126.33 97.8671 -97.0818
0 0 497 35413.9 -1123.49 104.399 -88.0572
0 0 498 35418.9 -1125.48 103.205 -95.9342
0 0 499 35408.4 -1129.1 94.7583 -100.168
0 0 500 35416.5 -1130.38 103.283 -96.8556
0 0 501 35418.4 -1127.46 99.4136 -93.5295
0 0 502 35419.6 -1122.6 104.41 -97.722
0 0 503 35414.3 -1131.38 96.564 -93.9181
0 0 504 35418.2 -1130.15 105.206 -97.9213
0 0 505 35412.2 -1128.2 106.174 -90.8947
0 0 506 35413.9 -1124.36 102.122 -93.7711
0 0 507 35416.6 -1125.97 100.446 -91.6604
0 0 508 35417.1 -1125.16 101.112 -94.0161
0 0 509 35420.5 -1133.2 101.659 -89.7343
0 0 510 35416.3 -1126.8 106.451 -97.7945
0 0 511 35415.2 -1131.71 98.7324 -92.7161
0 0 512 35421.5 -1128.55 106.856 -94.0678
0 0 513 35410.5 -1129.89 104.898 -86.5277
0 0 514 35419.8 -1122.79 102.347 -92.4819
0 0 515 35413.7 -1125.94 103.616 -93.7597
0 0 516 35416.6 -1133.73 106.175 -94.2382
0 0 517 35421.1 -1131.58 106.628 -103.972
0 0 518 35410 -1122.24 99.6239 -92.7953
0 0 519 35423.5 -1125.87 103.86 -87.3075
0 0 520 35419.5 -1131.69 101.446 -85.5431
0 0 521 35417.1 -1132.66 98.6938 -86.2069
0 0 522 35425.4 -1126.55 103.71 -94.8187
0 0 523 35417.5 -1134.46 102.377 -94.8342
0 0 524 35418.4 -1127.57 101.461 -89.7222
0 0 525 35412.7 -1124.97 99.4306 -96.365
0 0 526 35414.9 -1127.75 105.297 -93.1409
0 0 527 35410.9 -1128.85 108.05 -96.0583
0 0 528 35414.7 -1132.32 98.3549 -91.8785
0 0 529 35411.9 -1124.99 97.7625 -93.5711
0 0 530 35416.3 -1127.88 104.044 -92.1725
0 0 531 35412.6 -1133.68 99.7661 -97.8093
0 0 532 35417.1 -1123.83 107.22 -93.4147
0 0 533 35406.6 -1128.28 101.179 -93.0221
0 0 534 35417 -1125.7 101.874 -99.7985
0 0 535 35413.2 -1127.17 98.0138 -100.569
0 0 536 35421.5 -1129.58 105.979 -91.3356
0 0 537 35410.9 -1127.88 101.384 -88.8343
0 0 538 35421.9 -1132.6 103.333 -90.3491
0 0 539 35416.5 -1134.33 104.42 -87.5384
0 0 540 35416.9 -1125.56 107.613 -92.9906
0 0 541 35408.6 -1128.54 100.494 -87.9203
0 0 542 35412.8 -1125.17 100.299 -91.7228
0 0 543 35409.7 -1126.07 101.575 -97.8314
0 0 544 35423.3 -1128.75 104.533 -94.4879
0 0 545 35411.8 -1132.29 105.595 -95.2872
0 0 546 35420.6 -1126.2 105.039 -92.8664
0 0 547 35417.3 -1126.76 102.254 -91.1182
0 0 548 35421.8 -1128.84 105.179 -98.2287
0 0 549 35412.5 -1130 103.821 -100.36
0 0 550 35421.2 -1131.35 98.6358 -97.5355
0 0 551 35417 -1131.69 104.842 -90.9712
0 0 552 35414 -1123.8 100.617 -92.4403
0 0 553 35413.9 -1128.3 105.545 -97.6636
0 0 554 35418.3 -1125.53 102.684 -91.5484
0 0 555 35416.8 -1129.04 95.4621 -95.0053
0 0 556 35417.6 -1125.82 98.8916 -90.3309
0 0 557 35413.1 -1125.32 105.687 -95.302
0 0 558 35410.8 -1126.86 100.786 -93.1919
0 0 559 35412 -1127.78 100.012 -95.9576
0 0 560 35412.1 -1130.74 106.36 -87.9954
0 0 561 35418.3 -1126.36 100.698 -90.2799
0 0 562 35413.4 -1129.71 113.576 -91.8685
0 0 563 35414.5 -1133.93 97.261 -89.7216
0 0 564 35423 -1126.24 106.444 -87.8941
0 0 565 35413 -1131.24 99.7604 -91.4108
0 0 566 35412 -1128.85 112.705 -94.8523
0 0 567 35412.1 -1131.05 101.169 -93.6114
0 0 568 35415.6 -1127.37 104.283 -90.839
0 0 569 35414.2 -1134.59 102.893 -99.8414
0 0 570 35418.4 -1125.4 99.7319 -89.8068
0 0 571 35410.5 -1127.02 95.7623 -98.0589
0 0 572 35414.8 -1128.02 109.28 -95.6865
0 0 573 35408.1 -1129.12 97.5078 -96.0449
0 0 574 35420.1 -1125.08 104.634 -99.4535
0 0 575 35418.2 -1127.97 107.871 -92.8074
0 0 576 35413.1 -1128.19 109.235 -99.6992
0 0 577 35405.4 -1119.74 104.21 -90.7074
0 0 578 35421.7 -1122.93 104.624 -93.4423
0 0 579 35418.1 -1126.76 103.464 -93.0383
0 0 580 35413.2 -1128.91 106.702 -98.8415
0 0 581 35408 -1129.89 92.9776 -93.6751
0 0 582 35417.9 -1128.29 105.258 -94.2516
0 0 583 35419.1 -1128.82 106.119 -95.4724
0 0 584 35419.3 -1133.14 107.836 -100.561
0 0 585 35412.2 -1126.59 93.3903 -95.0342
0 0 586 35422.1 -1124.75 105.953 -93.3503
0 0 587 35415.8 -1128.47 94.5843 -88.9014
0 0 588 35420.5 -1127.8 109.875 -92.8893
0 0 589 35412.9 -1128.06 93.1663 -93.1476
0 0 590 35412.9 -1121.27 103.424 -90.9813
0 0 591 35414.7 -1129.24 103.514 -93.359
0 0 592 35416.7 -1127.59 97.6749 -95.6483
0 0 593 35410.3 -1126.82 105.081 -92.5463
0 0 594 35423.1 -1127.1 105.415 -93.7631
0 0 595 35404.8 -1122.92 98.0445 -94.2899
0 0 596 35424.9 -1134.53 105.47 -94.1953
0 0 597 35408.3 -1129.34 97.1178 -97.1267
0 0 598 35421.3 -1124.99 104.835 -89.6867
0 0 599 35414.1 -1127.53 98.2344 -93.7886
0 0 600 35415.7 -1129.34 105.881 -101.966
0 0 601 35412.5 -1133.42 106.611 -95.1744
0 0 602 35412.2 -1127.45 104.815 -96.9207
0 0 603 35411.5 -1120.05 101.433 -90.0363
0 0 604 35416.8 -1124.96 95.4076 -95.4476
0 0 605 35409.6 -1127.67 102.418 -98.0932
0 0 606 35420.9 -1133.05 106.644 -92.8188
0 0 607 35413.5 -1125.51 95.1472 -98.726
0 0 608 35422.1 -1129.45 100.415 -84.474
0 0 609 35416.8 -1130.27 103.068 -97.1704
0 0 610 35418.2 -1131.74 101.166 -95.9013
0 0 611 35410.2 -1127.55 98.7597 -93.0329
0 0 612 35425.2 -1129.7 105.781 -93.5456
0 0 613 35415.2 -1120.95 93.0856 -95.0469
0 0 614 35420.2 -1129.07 100.249 -93.2564
0 0 615 35415.8 -1124.68 98.3708 -93.3255
0 0 616 35419 -1124.46 108.957 -92.8369
0 0 617 35415.8 -1136.83 102.483 -97.0965
0 0 618 35419.1 -1124.9 100.244 -96.8093
0 0 619 35410.9 -1130.88 95.6316 -95.3926
0 0 620 35425.4 -1123.66 105.8 -85.8277
0 0 621 35414.4 -1127.25 102.327 -90.9128
0 0 622 35420.7 -1128.42 102.693 -92.8342
0 0 623 35415.7 -1130.19 100.205 -100.167
0 0 624 35420.3 -1131.45 92.268 -96.2167
0 0 625 35411.8 -1129.87 96.8062 -85.4411
0 0 626 35420.5 -1120.83 102.404 -92.8805
0 0 627 35415 -1125.83 98.0092 -96.9455
0 0 628 35417.5 -1127.86 104.72 -92.3289
0 0 629 35411.4 -1130.48 97.2701 -97.0939
0 0 630 35419 -1120.57 104.692 -88.537
0 0 631 35417.5 -1126.65 105.411 -97.8375
0 0 632 35420.3 -1122.11 117.563 -96.6972
0 0 633 35410.4 -1132.5 102.045 -93.157
0 0 634 35419.5 -1125.37 105.046 -95.9972
0 0 635 35406.7 -1126.89 99.276 -90.0229
0 0 636 35418.2 -1121.68 105.651 -93.3973
0 0 637 35415.5 -1125.96 97.0598 -84.9458
0 0 638 35412.6 -1119.7 97.4941 -92.6161
0 0 639 35412.8 -1128.55 104.48 -96.0409
0 0 640 35415.5 -1131.61 105.553 -96.1623
0 0 641 35415.4 -1121.24 98.8348 -103.798
0 0 642 35414.3 -1127.24 106.001 -93.2409
0 0 643 35416 -1125.87 103.34 -96.5476
0 0 644 35422 -1127.69 101.216 -94.4892
0 0 645 35408.5 -1128.16 100.959 -87.9109
0 0 646 35424 -1124.95 106.782 -92.951
0 0 647 35415.3 -1125.25 101.431 -97.7522
0 0 648 35422.9 -1127.82 100.028 -95.6664
0 0 649 35416.9 -1136.87 99.5546 -98.2509
0 0 650 35410.6 -1123.66 97.642 -94.8469
0 0 651 35419 -1134.32 102.67 -93.4597
0 0 652 35418.6 -1128.37 102.617 -95.4959
0 0 653 35411.7 -1131.33 101.245 -93.5986
0 0 654 35409.3 -1127.57 101.675 -90.5732
0 0 655 35411.1 -1126.5 103.288 -94.5617
0 0 656 35413.7 -1129.47 110.254 -91.8772
0 0 657 35421.8 -1128.77 100.696 -97.1053
0 0 658 35426.7 -1124 108.09 -99.6273
0 0 659 35410.8 -1131.9 94.4433 -90.6054
0 0 660 35423.7 -1128.91 104.064 -99.0475
0 0 661 35412.6 -1130.06 96.5719 -94.6067
0 0 662 35423.2 -1129.12 108.678 -96.3476
0 0 663 35419.1 -1128.79 100.363 -96.3422
0 0 664 35419.8 -1126.83 106.199 -92.898
0 0 665 35412.2 -1127.44 95.0175 -92.3537
0 0 666 35424.1 -1121.48 100.179 -92.6081
0 0 667 35414.2 -1132.34 101.859 -100.749
0 0 668 35423.2 -1127.7 104.832 -91.1349
0 0 669 35417 -1123.35 97.3088 -91.4578
0 0 670 35416.8 -1127.2 108.262 -97.8744
0 0 671 35411.5 -1124.59 99.2612 -97.5227
0 0 672 35421 -1122.38 109.211 -94.4879
0 0 673 35419.4 -1129.33 102.127 -98.3341
0 0 674 35418.7 -1129.4 112.042 -90.2645
0 0 675 35417.5 -1128.88 97.6874 -92.8248
0 0 676 35409.7 -1121.65 104.191 -93.1329
0 0 677 35416.8 -1123.61 107.781 -88.5652
0 0 678 35416.2 -1128.95 106.557 -92.7154
0 0 679 35412.5 -1128.43 100.131 -89.139
0 0 680 35416.8 -1131.09 113.175 -92.2812
0 0 681 35404 -1123.48 101.82 -92.2248
0 0 682 35418.4 -1128.31 110.017 -91.3088
0 0 683 35413.8 -1130.01 95.9625 -95.0718
0 0 684 35415.3 -1128.73 100.547 -95.7248
0 0 685 35418.3 -1131.57 103.3 -87.1424
0 0 686 35421.1 -1122.7 107.837 -94.0865
0 0 687 35414.3 -1134.99 96.4002 -89.1491
0 0 688 35420.5 -1127.08 114.486 -98.2589
0 0 689 35414.8 -1132.13 100.347 -90.2531
0 0 690 35421.5 -1124.29 98.4561 -100.335
0 0 691 35409.6 -1130.58 106.498 -83.3049
0 0 692 35419.4 -1127.48 108.144 -94.002
0 0 693 35405.7 -1123.42 97.0165 -98.1495
0 0 694 35420.8 -1125.78 104.787 -94.155
0 0 695 35416.8 -1127.62 104.056 -96.1174
0 0 696 35415.2 -1129.46 104.717 -91.7953
0 0 697 35409.2 -1128.94 98.2844 -97.4751
0 0 698 35418.2 -1122.47 99.8604 -93.8067
0 0 699 35412.3 -1123.91 101.695 -95.1416
0 0 700 35417.8 -1128.26 105.139 -95.9912
0 0 701 35409.1 -1125.19 102.885 -87.6867
0 0 702 35419.6 -1132.56 106.389 -98.475
0 0 703 35409.9 -1127.43 100.037 -94.1933
0 0 704 35419.9 -1129.22 104.576 -91.9336
0 0 705 35425.6 -1129.48 95.9579 -94.6154
0 0 706 35420.2 -1128.18 107.324 -91.1779
0 0 707 35413.2 -1128.67 96.8403 -96.7167
0 0 708 35420.1 -1131.74 105.415 -92.0014
0 0 709 35408.6 -1124.1 99.1077 -99.6361
0 0 710 35423.3 -1122.07 99.2714 -89.3222
0 0 711 35408.4 -1125.9 97.8137 -92.653
0 0 712 35426 -1122.8 106.748 -97.9771
0 0 713 35411.6 -1130.59 96.2831 -91.1551
0 0 714 35419.6 -1130.24 108.475 -89.7692
0 0 715 35419.6 -1129.71 104.85 -96.0301
0 0 716 35416.9 -1130.19 103.739 -88.3276
0 0 717 35418.5 -1128.85 105.007 -95.7295
0 0 718 35414.3 -1125.73 102.402 -96.1469
0 0 719 35414.1 -1126.29 102.271 -89.0692
0 0 720 35416.8 -1130.79 104.896 -95.6832
0 0 721 35413.2 -1130.05 104.587 -90.1182
0 0 722 35422.7 -1130.49 105.042 -98.577
0 0 723 35415.4 -1133.2 101.343 -98.7509
0 0 724 35410.2 -1127.05 109.609 -93.9825
0 0 725 35411.7 -1124.3 96.1057 -93.7396
0 0 726 35416.6 -1130.3 102.475 -95.5127
0 0 727 35416.7 -1125.87 100.802 -92.498
0 0 728 35422.9 -1118.96 106.593 -91.3208
0 0 729 35414.8 -1129.38 102.011 -96.6979
0 0 730 35418.5 -1132.35 99.0974 -92.5758
0 0 731 35417.5 -1128.2 103.423 -94.3624
0 0 732 35416.2 -1124.67 95.3371 -95.9214
0 0 733 35417.5 -1133.13 96.2547 -96.1281
0 0 734 35417.8 -1129.71 102.823 -88.6967
0 0 735 35410 -1130.09 99.5909 -101.835
0 0 736 35417.1 -1131.83 111.709 -96.7288
0 0 737 35418.1 -1126.13 98.5368 -92.902
0 0 738 35424.9 -1124.3 108.256 -101.048
0 0 739 35408.3 -1128.09 99.9287 -93.7866
0 0 740 35419.1 -1131.96 104.71 -99.9085
0 0 741 35416.4 -1130.04 107.311 -89.9658
0 0 742 35419.7 -1123.13 108.909 -90.9457
0 0 743 35413.8 -1127.8 98.2685 -89.6786
0 0 744 35426.8 -1126.18 107.839 -87.3438
0 0 745 35405.6 -1124.14 107.163 -98.7059
0 0 746 35414 -1123.79 103.429 -91.7155
0 0 747 35414.8 -1126.9 94.648 -91.4537
0 0 748 35424 -1126.25 110.54 -95.0154
0 0 749 35412.7 -1122.11 103.553 -94.4268
0 0 750 35424.2 -1132.56 111.634 -93.8839
0 0 751 35412.1 -1125.21 95.8897 -93.6208
0 0 752 35427.3 -1122.21 107.97 -100.976
0 0 753 35411.8 -1127.48 106.248 -94.7107
0 0 754 35424 -1121.65 102.461 -95.2503
0 0 755 35411 -1134.59 96.7471 -90.4021
0 0 756 35423.2 -1124.83 103.848 -97.4576
0 0 757 35417.7 -1124.97 99.6489 -95.8415
0 0 758 35417.8 -1126.51 104.974 -92.1155
0 0 759 35423 -1128.75 105.768 -97.267
0 0 760 35415.6 -1126.65 109.776 -89.794
0 0 761 35410.4 -1127.57 94.864 -99.4495
0 0 762 35419.1 -1124.43 103.898 -94.7536
0 0 763 35411 -1129.59 96.8198 -88.3196
0 0 764 35421.7 -1130.61 102.783 -86.7122
0 0 765 35412.5 -1133.54 94.897 -90.9088
0 0 766 35416.3 -1127.45 105.023 -91.3759
0 0 767 35410.5 -1131.17 100.318 -98.1455
0 0 768 35423.1 -1129.13 100.643 -90.9779
0 0 769 35413.7 -1131.37 101.512 -95.8858
0 0 770 35419.6 -1135.12 100.877 -94.6792
0 0 771 35413.5 -1126.28 98.4652 -92.1611
0 0 772 35416 -1124.69 105.387 -94.1812
0 0 773 35413 -1130.06 103.204 -95.5013
0 0 774 35417.9 -1130.09 107.289 -90.496
0 0 775 35416.8 -1129.85 104.727 -95.618
0 0 776 35414 -1122.58 105.279 -92.7295
0 0 777 35407.2 -1126.83 103.92 -94.1959
0 0 778 35417.8 -1126.86 103.359 -91.7678
0 0 779 35415.2 -1129.26 100.205 -90.3679
0 0 780 35418.8 -1129.08 104.183 -98.5824
0 0 781 35419.6 -1123.99 94.5183 -94.6563
0 0 782 35420.5 -1129.51 109.68 -91.5477
0 0 783 35420.9 -1130.44 97.9353 -98.4502
0 0 784 35423.2 -1127.05 95.6782 -105.071
0 0 785 35416.5 -1131.18 100.65 -94.8912
0 0 786 35428.7 -1131.83 100.094 -95.5644
0 0 787 35419.2 -1125 99.2885 -100.2
0 0 788 35418.4 -1130.47 101.781 -96.5603
0 0 789 35408.7 -1127.11 98.4664 -95.4791
0 0 790 35422.9 -1127.46 101.165 -89.4692
0 0 791 35411.4 -1127.55 95.3712 -95.7805
0 0 792 35415.6 -1133.63 110.069 -95.5603
0 0 793 35412.9 -1128.42 98.273 -95.8201
0 0 794 35416.7 -1124.54 100.738 -91.6
0 0 795 35410.7 -1125.35 96.3639 -96.1744
0 0 796 35424.3 -1131.73 108.328 -92.0665
0 0 797 35408.8 -1125.75 100.034 -100.922
0 0 798 35419.6 -1124.21 110.045 -91.7537
0 0 799 35412.5 -1130.69 100.861 -94.1147
0 0 800 35418.2 -1127.8 98.5812 -89.2196
0 0 801 35410.8 -1127.75 95.3359 -98.0153
0 0 802 35425.3 -1129.74 108.739 -97.0905
0 0 803 35409.1 -1129.98 92.1361 -89.984
0 0 804 35422.9 -1129.8 103.526 -98.5522
0 0 805 35417.2 -1118.4 98.9689 -89.9544
0 0 806 35418.8 -1129.69 112.836 -94.7805
0 0 807 35417.4 -1133.04 99.8627 -92.4275
0 0 808 35414.9 -1124.85 104.654 -96.9442
0 0 809 35413.6 -1125.72 93.5438 -93.3503
0 0 810 35416.7 -1126.82 102.091 -95.3013
0 0 811 35414.5 -1121.27 96.1683 -94.7832
0 0 812 35420.9 -1126.09 101.104 -91.7289
0 0 813 35411.2 -1130.73 96.1489 -94.6469
0 0 814 35421.5 -1128.79 107.295 -96.9281
0 0 815 35412.1 -1133.02 99.2009 -90.5638
0 0 816 35417.6 -1131.55 103.404 -99.0287
0 0 817 35411.1 -1133.14 97.9285 -92.353
0 0 818 35421.3 -1125.2 106.01 -95.6402
0 0 819 35417.7 -1129.29 99.1009 -97.8106
0 0 820 35420.3 -1132.08 104.642 -89.2732
0 0 821 35409.2 -1127.22 94.7298 -98.269
0 0 822 35423.3 -1129 101.502 -102.96
0 0 823 35407.2 -1130 97.0268 -102.906
0 0 824 35419.6 -1128.29 102.534 -94.555
0 0 825 35413.8 -1135.3 101.002 -86.4874
0 0 826 35423.1 -1134.5 105.553 -92.1577
0 0 827 35412.3 -1129.91 98.4027 -91.5759
0 0 828 35423.1 -1129.28 101.243 -94.1402
0 0 829 35412.6 -1128.51 100.525 -95.1879
0 0 830 35422.2 -1130.1 103.932 -98.7958
0 0 831 35413.1 -1132.77 96.473 -92.8094
0 0 832 35419.4 -1124.47 101.407 -93.3436
0 0 833 35406.3 -1132.73 107.119 -100.915
0 0 834 35417.7 -1123.51 111.094 -92.8
0 0 835 35413.2 -1124.22 93.9885 -90.0645
0 0 836 35424.9 -1127.09 103.213 -98.8609
0 0 837 35413.5 -1130.47 99.0792 -94.0584
0 0 838 35420.7 -1126.51 99.9992 -96.8851
0 0 839 35418.8 -1134.81 95.146 -96.6348
0 0 840 35427.2 -1127.88 105.834 -92.6369
0 0 841 35414.1 -1131.57 99.7797 -89.9759
0 0 842 35413.4 -1127.86 100.648 -88.2041
0 0 843 35413.8 -1127.93 99.2498 -93.6698
0 0 844 35416.5 -1128.56 108.185 -91.5423
0 0 845 35409.1 -1129.61 100.082 -91.8296
0 0 846 35420.1 -1121.53 106.043 -91.2665
0 0 847 35413.1 -1123.9 101.472 -102.422
0 0 848 35419.4 -1128.42 107.388 -94.257
0 0 849 35411.7 -1131.23 100.136 -103.531
0 0 850 35419.8 -1128.71 104.03 -95.1805
0 0 851 35418.5 -1128.84 91.7848 -92.2544
0 0 852 35425.6 -1129.31 98.48 -96.0818
0 0 853 35411.8 -1133.3 98.7643 -83.6761
0 0 854 35419.4 -1130.9 108.112 -96.8751
0 0 855 35409.5 -1130.47 96.4776 -92.3926
0 0 856 35415.3 -1127.7 103.558 -98.7529
0 0 857 35406.5 -1123.12 95.6065 -93.9201
0 0 858 35417.3 -1127.36 101.956 -96.414
0 0 859 35414.9 -1128.27 97.0109 -100.248
0 0 860 35421.6 -1123.76 108.351 -95.2999
0 0 861 35414.8 -1132.28 94.6116 -97.4845
0 0 862 35419.3 -1130.1 105.256 -97.0361
0 0 863 35417.7 -1134.97 93.8725 -95.0147
0 0 864 35411 -1126.18 104.626 -91.4759
0 0 865 35407.9 -1126.54 101.821 -92.1363
0 0 866 35420.6 -1128.53 106.126 -89.0565
0 0 867 35412.2 -1127.1 97.8284 -88.2458
0 0 868 35415.4 -1131.07 95.5838 -92.7799
0 0 869 35408.1 -1132.88 92.1907 -92.3524
0 0 870 35414.6 -1124.07 105.444 -92.5403
0 0 871 35412.8 -1124.18 100.584 -97.5589
0 0 872 35412.8 -1127.05 98.7063 -94.908
0 0 873 35410.9 -1130.95 99.4897 -95.3315
0 0 874 35416.6 -1129.94 104.482 -98.9925
0 0 875 35409.1 -1125.95 95.8351 -94.8436
0 0 876 35419 -1123.72 95.7885 -99.5569
0 0 877 35414.2 -1129.43 94.59 -99.2817
0 0 878 35413.4 -1126.84 104.279 -86.0867
0 0 879 35414.7 -1126.99 97.0745 -93.5369
0 0 880 35417.1 -1131.35 102.987 -93.9443
0 0 881 35414.6 -1132.93 95.3541 -91.1464
0 0 882 35417.5 -1123.87 98.0195 -93.4758
0 0 883 35408.6 -1128.46 101.682 -99.216
0 0 884 35416.5 -1132.09 98.0843 -93.4725
0 0 885 35412.3 -1126.12 97.7807 -97.0925
0 0 886 35408.6 -1125.35 105.936 -95.202
0 0 887 35410.3 -1130 96.9495 -99.0019
0 0 888 35417.1 -1130.87 105.663 -91.1712
0 0 889 35412.9 -1125.46 96.9347 -97.822
0 0 890 35413.5 -1130.37 103.649 -94.8644
0 0 891 35413.8 -1126.86 99.9673 -96.2154
0 0 892 35413.5 -1124.22 103.284 -91.3504
0 0 893 35414.9 -1125.42 94.7617 -97.6576
0 0 894 35418.1 -1128.5 102.09 -95.2738
0 0 895 35413.8 -1127.49 100.51 -94.3711
0 0 896 35419.2 -1130.48 102.188 -95.4832
0 0 897 35413.8 -1128.84 102.943 -95.2087
0 0 898 35408.3 -1126.87 99.4431 -89.2753
0 0 899 35409.2 -1127.21 100.58 -96.8757
0 0 900 35416.8 -1128.09 101.468 -101.914
0 0 901 35411 -1129.58 97.9979 -95.9221
0 0 902 35414.6 -1126.13 106.689 -87.8196
0 0 903 35422.6 -1132.76 101.053 -97.0697
0 0 904 35422.5 -1131.17 91.6767 -103.435
0 0 905 35412.4 -1137.08 97.7716 -95.5409
0 0 906 35421.9 -1130.51 105.074 -105.295
0 0 907 35409.5 -1125.8 95.9579 -99.8535
0 0 908 35421 -1128.97 102.834 -91.4792
0 0 909 35417.9 -1126.44 101.405 -94.3899
0 0 910 35415 -1136.55 99.2998 -103.094
0 0 911 35413.2 -1131.79 96.6447 -93.1718
0 0 912 35416 -1120.44 106.351 -99.4388
0 0 913 35414.5 -1131.04 95.8203 -100.145
0 0 914 35419.9 -1124.13 101.293 -96.9838
0 0 915 35416.7 -1124.1 98.6858 -95.2677
0 0 916 35424.6 -1124.76 100.063 -104.423
0 0 917 35409.7 -1131.67 97.8137 -100.075
0 0 918 35416.3 -1127.88 100.194 -100.626
0 0 919 35412.8 -1125.88 100.31 -93.5423
0 0 920 35420.1 -1121.43 105.983 -90.5625
0 0 921 35416.7 -1134.02 102.015 -94.7422
0 0 922 35421.8 -1131.27 94.2091 -98.1562
0 0 923 35413.9 -1130.79 95.1119 -101.538
0 0 924 35418.3 -1133.11 97.0154 -96.0019
0 0 925 35416.9 -1127.94 98.9439 -93.9879
0 0 926 35419.7 -1122.91 100.809 -95.9147
0 0 927 35415.4 -1126.24 96.8119 -98.3898
0 0 928 35417.2 -1126.9 111.421 -89.3229
0 0 929 35413.2 -1130.27 99.0736 -100.414
0 0 930 35418.5 -1127.94 98.09 -92.1953
0 0 931 35407.8 -1130.64 97.8694 -103.384
0 0 932 35421.6 -1126.56 99.4386 -95.4147
0 0 933 35411.7 -1128.15 96.9347 -90.586
0 0 934 35416.5 -1127.56 102.221 -90.7779
0 0 935 35410.6 -1127.24 99.4568 -96.1227
0 0 936 35419.1 -1135.98 105.457 -103.963
0 0 937 35414.1 -1123.83 97.0143 -97.9368
0 0 938 35419.5 -1134.5 101.067 -96.0872
0 0 939 35408.9 -1127.79 98.2412 -99.0535
0 0 940 35414.8 -1124.57 102.369 -93.1416
0 0 941 35412.5 -1131.08 98.1411 -91.339
0 0 942 35417.6 -1130.68 108.903 -95.6241
0 0 943 35414.8 -1121.95 98.3833 -90.9034
0 0 944 35416.3 -1131.14 100.162 -96.912
0 0 945 35407.8 -1125.29 96.0398 -93.0617
0 0 946 35419.8 -1122.68 102.467 -94.6798
0 0 947 35412.9 -1126.81 97.6749 -98.6844
0 0 948 35415.7 -1129.01 97.7534 -97.7959
0 0 949 35418.9 -1123.21 90.9081 -93.4275
0 0 950 35421.3 -1133.08 98.9871 -94.0288
0 0 951 35417.6 -1128.62 106.124 -98.3683
0 0 952 35424.9 -1124.75 114.046 -96.3919
0 0 953 35407.3 -1132.74 99.7467 -94.9644
0 0 954 35419 -1124.23 106.328 -94.9013
0 0 955 35414.8 -1128.87 99.8741 -96.5858
0 0 956 35409.1 -1124.16 102.028 -91.198
0 0 957 35413.8 -1131.64 97.2917 -94.3114
0 0 958 35414.5 -1125.44 104.33 -94.8261
0 0 959 35411.5 -1130.79 94.6946 -87.8632
0 0 960 35414.8 -1123.49 100.726 -89.3189
0 0 961 35410.1 -1128.63 94.0237 -99.8408
0 0 962 35412.3 -1130.96 110.838 -97.6563
0 0 963 35406 -1124.34 100.709 -101.562
0 0 964 35417.8 -1126.78 103.322 -95.5731
0 0 965 35417.4 -1127.41 91.4266 -92.4081
0 0 966 35422.7 -1129.02 100.391 -100.631
0 0 967 35411.2 -1125.23 92.4147 -97.0039
0 0 968 35419.7 -1127.43 103.173 -100.097
0 0 969 35407.8 -1122.83 97.2951 -95.7771
0 0 970 35416.6 -1127.99 105.062 -96.8328
0 0 971 35414.3 -1130.11 101.108 -97.7724
0 0 972 35420.7 -1126.77 104.245 -101.626
0 0 973 35416.3 -1120.09 102.907 -93.9174
0 0 974 35416.3 -1124.4 106.992 -96.1469
0 0 975 35416.8 -1128.07 105.015 -91.7584
0 0 976 35415.8 -1128.83 99.1816 -98.6361
0 0 977 35420.1 -1132.78 102.819 -97.8408
0 0 978 35417.8 -1123.85 101.869 -97.5408
0 0 979 35409.9 -1136.29 98.8223 -89.7712
0 0 980 35420.7 -1128.34 105.043 -104.043
0 0 981 35411.2 -1124.08 100.456 -93.2637
0 0 982 35423.2 -1133.01 104.543 -93.9121
0 0 983 35408.6 -1129.01 100.031 -96.8127
0 0 984 35415.1 -1128.2 109.086 -94.8429
0 0 985 35407.5 -1129.84 100.81 -98.575
0 0 986 35423.4 -1123.55 104.875 -92.4275
0 0 987 35411 -1125.96 99.8786 -94.2671
0 0 988 35417.9 -1133.85 105.871 -97.1053
0 0 989 35412.3 -1128.28 101.548 -93.8087
0 0 990 35415.1 -1123.44 96.8858 -97.5308
0 0 991 35413.1 -1130.43 103.306 -104.637
0 0 992 35417.9 -1124.61 101.844 -103.766
0 0 993 35415.9 -1125.34 97.5567 -102.842
0 0 994 35414.6 -1129.4 99.3158 -94.2141
0 0 995 35411.8 -1127.43 104.487 -100.072
0 0 996 35415.4 -1121.57 103.034 -97.7133
0 0 997 35415.8 -1129.67 97.4521 -90.5719
0 0 998 35421 -1126.53 103.503 -97.8777
0 0 999 35420.8 -1127.75 103.812 -101.152
0 0 1000 35418.6 -1125.56 106.527 -103.455
0 0 1001 35416.1 -1128.55 102.571 -90.5551
0 0 1002 35420.9 -1127.18 106.169 -97.2032
0 0 1003 35403.3 -1128.51 102.251 -96.6106
0 0 1004 35414.9 -1129.04 104.225 -96.6294
0 0 1005 35416.8 -1132.15 99.9753 -98.4146
0 0 1006 35422.6 -1121.85 103.018 -89.2404
0 0 1007 35410.3 -1133.92 101.995 -92.2866
0 0 1008 35415.9 -1126.95 106.897 -92.1255
0 0 1009 35413.1 -1134.06 96.1364 -103.423
0 0 1010 35419.7 -1134.46 101.77 -89.5484
0 0 1011 35411 -1124.02 94.0385 -95.3275
0 0 1012 35415.7 -1133.08 112.039 -94.706
0 0 1013 35406.9 -1123.53 97.6704 -99.9005
0 0 1014 35421.3 -1125.81 109.538 -95.9295
0 0 1015 35418.6 -1127.05 98.1002 -94.2624
0 0 1016 35421.8 -1126.52 102.154 -95.3087
0 0 1017 35407.6 -1127.35 99.2043 -94.9214
0 0 1018 35412.8 -1126.65 110.508 -98.2844
0 0 1019 35407.1 -1128.69 97.0643 -100.78
0 0 1020 35421.5 -1128.03 96.3877 -97.0153
0 0 1021 35407.7 -1131.1 99.069 -97.5502
0 0 1022 35418.2 -1122.22 107.902 -104.702
0 0 1023 35417 -1129.55 92.1657 -97.7596
