0 0 0 -142522 193585 103145 -260446
0 0 1 70989.6 37483.9 31415 -84901.1
0 0 2 -173960 -44942.6 139768 114469
0 0 3 67948.8 38109.1 945.738 -40887.1
0 0 4 -90781.8 197367 7800.97 -9663.87
0 0 5 -31743.1 89027.9 -152875 101915
0 0 6 120578 -220673 156011 137896
0 0 7 -118243 -81232.8 38284.6 16365.9
0 0 8 8208.5 31857.6 -134227 103285
0 0 9 317108 -150312 -106534 110048
0 0 10 -121050 74086.7 -4564.21 111455
0 0 11 60510.4 127194 165772 33478.3
0 0 12 86474.3 162483 113420 121830
0 0 13 -21591.5 20729.8 13053.3 -279676
0 0 14 -186918 -153782 -111200 -64675.1
0 0 15 125210 -235927 111517 40975.8
0 0 16 -316831 39234.4 -2861.13 -327526
0 0 17 32722.1 4225.75 -61967.8 82013.2
0 0 18 143876 96498.5 -61152.1 -77889.2
0 0 19 69773.2 157482 -38167.7 -254792
0 0 20 128671 -5807.97 -138205 -77827
0 0 21 307565 -134558 316372 -202409
0 0 22 298349 -147062 74063.5 -175756
0 0 23 -195245 -61071.6 -75134.5 326668
0 0 24 -161750 -161753 -150814 -38944.2
0 0 25 184388 -240991 124140 -211027
0 0 26 -81940 -179882 137063 79920.9
0 0 27 78193.9 -28094.7 -133984 121618
0 0 28 206048 90653.3 -72558.4 133188
0 0 29 -31181.8 -226050 -18031.4 77978
0 0 30 -12515.9 100718 -92523 -47027.2
0 0 31 7366.38 95873.3 -312148 -89708.5
0 0 32 -200345 87840.1 16845.9 89299
0 0 33 93772.2 79619.3 -128946 -151296
0 0 34 -226730 -124525 18735 -19677.2
0 0 35 207639 -199231 -212125 -156028
0 0 36 67200.2 -151563 21225.2 207915
0 0 37 -98921.8 -107145 -150771 -24920.5
0 0 38 135876 52018.8 -96673.4 133201
0 0 39 -220929 -324136 -66304.2 155494
0 0 40 -301112 -54038.6 58478.2 104406
0 0 41 94240.1 -243460 118429 124744
0 0 42 71644.5 114034 139539 -65235.5
0 0 43 305460 -98424.5 109284 65897.2
0 0 44 75059.6 83245.2 -66848.1 -251965
0 0 45 -350187 149043 -273421 115267
0 0 46 36838.9 -28751.1 -86555.1 -245875
0 0 47 175406 -10590.4 98164.1 37613.1
0 0 48 94941.8 -36221.7 -86898.6 311561
0 0 49 -24913 208839 -15355.1 -66792.3
0 0 50 -162264 10227.2 -234293 -96359.2
0 0 51 -235712 302674 107252 -366334
0 0 52 -1288.25 -7964.75 -158972 177489
0 0 53 196505 217935 340001 90395
0 0 54 -137330 153763 95444.9 -25045.1
0 0 55 -80770.5 -97986.9 -127543 -181909
0 0 56 156694 259007 -208160 -60888.9
0 0 57 -51344.8 153200 -96258.3 39792.7
0 0 58 399210 59708.2 187067 25445.2
0 0 59 304103 24293.2 63887.9 -8542.97
0 0 60 303635 183270 -183001 -110208
0 0 61 -75858.4 232407 37583.3 -24634.1
0 0 62 -123389 -231332 -15584.1 -136438
0 0 63 275660 67397.6 -57903.4 -186579
0 0 64 79831.3 -160565 46041.4 215350
0 0 65 -54198.4 202837 108912 -386398
0 0 66 34733.7 -218110 -133168 -88550.2
0 0 67 43902.9 48174.1 -219266 24286.9
0 0 68 136203 -119867 80775.6 -14732.8
0 0 69 18547.2 -103582 165643 51126.2
0 0 70 87784.2 -111428 69211.8 205673
0 0 71 -184018 -43911.1 -189899 -208947
0 0 72 -127786 68429.1 -142256 328050
0 0 73 -59297.6 26731.3 20881.7 -262974
0 0 74 89515.1 -151406 135846 114943
0 0 75 -65519.6 -204169 46270.4 201489
0 0 76 85866.1 227968 207633 -93893.2
0 0 77 262982 15416 -66232.7 -16077.9
0 0 78 108415 -166535 -89073.9 -124805
0 0 79 -230191 -141154 115910 -30462.8
0 0 80 141303 346654 11822.5 -58186.3
0 0 81 -82782.1 267666 209293 -57638.3
0 0 82 -53496.8 -277500 -9744.99 -222435
0 0 83 67855.2 -123431 104805 -12391.4
0 0 84 123058 101062 119617 126924
0 0 85 -1569 133789 -64830.2 -137920
0 0 86 227381 68022.7 -223488 -268367
0 0 87 11296 45829.8 63129.4 147274
0 0 88 137887 -34877.6 -51863.9 -2515.02
0 0 89 17377.6 83682.8 279334 -234529
0 0 90 70755.6 -138903 69340.6 -41933.3
0 0 91 215592 146980 -259825 -162679
0 0 92 61446.1 220873 369039 214379
0 0 93 57563.2 327837 51436.9 5455.81
0 0 94 14711.1 -248243 -262945 311611
0 0 95 141677 454868 -44336 -174050
0 0 96 112625 110721 -13394.4 59607.7
0 0 97 153325 71804.9 137349 78289.3
0 0 98 47972.9 -52538.2 212585 227780
0 0 99 -324036 367003 -1200.99 26777.8
0 0 100 -176065 -285002 26019.6 119426
0 0 101 8910.12 -58445.9 200077 -227118
0 0 102 -28468.5 -83733.4 -9072.35 -52220.7
0 0 103 103690 60364.6 41003.8 -351451
0 0 104 -43345 157951 259155 -99535
0 0 105 -10831.8 -18936.2 -153433 151995
0 0 106 258350 -185696 155954 30613.8
0 0 107 121935 -84921.2 -48543.6 -387992
0 0 108 61820.3 -291253 109570 -103981
0 0 109 -87179.5 -192792 53884.2 -173.594
0 0 110 311869 227593 31028.6 -98862.5
0 0 111 117678 -96986.7 223891 -120645
0 0 112 280244 114128 203354 -48422.1
0 0 113 47551.9 -20561.6 -135057 135978
0 0 114 308126 215153 66292.3 -43452.7
0 0 115 -19065.4 -129870 68553.5 109724
0 0 116 -310796 162952 -31541.5 -250819
0 0 117 49002.1 195867 -153891 -329917
0 0 118 -22901.4 45986 94443.1 115989
0 0 119 17284.1 -141623 -32543.3 230744
0 0 120 -234308 -110271 1160.41 -212260
0 0 121 -188509 148511 -233420 -57949.7
0 0 122 285016 -111115 -132338 126264
0 0 123 63551.2 175799 218582 -30549.9
0 0 124 -62759.5 64084.2 339228 27699.4
0 0 125 -87039.2 -129307 18405.8 74528.1
0 0 126 -122032 -7402.12 -109310 34250.5
0 0 127 -71320.5 -40941.6 -298781 -132589
0 0 128 190564 26293.7 34363.2 1345.85
0 0 129 150565 140884 93341.1 -102736
0 0 130 327821 155325 58936.1 -207141
0 0 131 -22901.4 -192885 158158 -84926
0 0 132 209885 151512 -87342.2 -174224
0 0 133 346347 252162 -185190 -100195
0 0 134 -72911.1 -223674 -80086.3 19541.8
0 0 135 -171246 -287471 -189813 84142.9
0 0 136 197160 -263528 57619.5 -48521.7
0 0 137 92836.6 60833.4 -148009 92250.7
0 0 138 102848 -31345.5 219354 -117034
0 0 139 57703.6 145511 -167401 356459
0 0 140 221253 32951.6 -159830 275057
0 0 141 100368 -164566 27837.1 203842
0 0 142 -174708 -117242 -190342 182458
0 0 143 10547.5 79213 -44536.4 143140
0 0 144 -4142 260914 196012 117720
0 0 145 -3533.75 130726 -152617 -88114.3
0 0 146 14149.8 36890.1 -160317 -126362
0 0 147 -201327 137977 -52393.4 171760
0 0 148 185745 175299 170323 24536
0 0 149 -12515.9 -327606 -59277.3 78463.7
0 0 150 -34316.1 19292 -125110 -81401.4
0 0 151 112906 -11496.9 266797 -8567.88
0 0 152 -240998 99249.2 -162650 -30338.2
0 0 153 54849.9 7038.94 186982 180191
0 0 154 -76606.9 54331.8 -134742 192409
0 0 155 -82220.6 232157 -29967.2 -64762.3
0 0 156 11763.9 -179413 -94440.8 -60901.4
0 0 157 101772 -15904.2 141528 -27685.4
0 0 158 81328.3 88590.3 75279.9 -227928
0 0 159 23833.6 210558 -105461 -161209
0 0 160 -178310 -82326.8 19536.4 12430.3
0 0 161 281554 -154313 38756.9 -187090
0 0 162 -40584.9 -66166.6 133871 -139402
0 0 163 89561.9 -244773 -65645.9 -146376
0 0 164 214329 -32001.9 294189 125479
0 0 165 53118.9 -160065 28695.8 13464
0 0 166 47832.6 -147718 117742 121656
0 0 167 222843 -49725 41819.5 -117046
0 0 168 160998 -46693 -110112 -22940.3
0 0 169 120485 135883 -53753 96709.4
0 0 170 -240390 -136903 -13008 289417
0 0 171 -87647.4 -123212 19851.3 -111342
0 0 172 101257 -36284.2 -157412 -163949
0 0 173 77492.2 17260.2 61268.9 187888
0 0 174 199452 -133621 -225549 -4420.55
0 0 175 17143.8 6757.62 -268999 149304
0 0 176 -240811 -328450 39501.1 -25817.3
0 0 177 -102852 -13309.8 -83578.3 -38134.7
0 0 178 103363 -160565 -115064 -263124
0 0 179 123292 30451 -181140 -104380
0 0 180 -61777 -61634.2 -80529.9 -292080
0 0 181 -142710 316740 83795.3 -43004.4
0 0 182 -118617 -250806 -31684.6 136763
0 0 183 241228 -68761 264865 -201275
0 0 184 30757.2 177581 90564.7 -69395.3
0 0 185 64674 31826.3 -173269 -248926
0 0 186 -44842.1 -279188 -5694.82 -87591.2
0 0 187 151875 38640.5 53225.8 35682.7
0 0 188 -113097 58551.6 17031.9 217380
0 0 189 -276178 -129276 238117 -9888.05
0 0 190 -299475 63209 -190901 -162293
0 0 191 29260.2 -3026.03 -259367 87692.4
0 0 192 -43859.6 148042 -358360 35109.8
0 0 193 -84653.4 -241491 -36822.4 -124892
0 0 194 -36655.2 54957 97190.9 78737.7
0 0 195 228784 125568 53011.2 128543
0 0 196 239918 154732 364931 152381
0 0 197 -210309 -86390.3 21597.3 214342
0 0 198 -25334.1 12915.4 -7812.93 -124917
0 0 199 179102 -144061 41805.2 -240220
0 0 200 -46245.5 64928.2 190517 261756
0 0 201 134332 -132089 52753.6 107694
0 0 202 -146826 -305225 56746.5 9889.59
0 0 203 28792.4 162483 -105131 204390
0 0 204 117912 12946.7 112290 -42107.7
0 0 205 -208859 -63072.1 -87571.2 149628
0 0 206 -216859 -33627.3 242124 329059
0 0 207 -16819.8 -102457 301889 -97118.9
0 0 208 83761 154169 159045 -39529.6
0 0 209 90029.8 61239.8 161722 -231315
0 0 210 -160206 -61884.3 -51577.7 109376
0 0 211 78474.6 24668.3 92983.3 -161932
0 0 212 84556.2 2225.25 31343.5 -8555.42
0 0 213 -84185.5 103469 115037 2678.47
0 0 214 114216 68679.1 -15140.4 52110.1
0 0 215 118005 -102050 42320.4 91391.4
0 0 216 -93261.1 66897.4 2562.95 -39928.1
0 0 217 161138 -141154 164198 -56916
0 0 218 -168580 108501 -200861 104942
0 0 219 136531 87965.1 -131136 -166453
0 0 220 338067 18010.4 -248261 18744.7
0 0 221 36745.3 271948 27035.7 -111080
0 0 222 -263079 122286 16760 215574
0 0 223 40768.6 -287752 31343.5 16652.3
0 0 224 -62853 -293348 68052.6 -419415
0 0 225 -79320.2 161108 158960 117944
0 0 226 80766.9 174174 196628 189582
0 0 227 -63882.2 35827.3 59093.6 -79358.9
0 0 228 222375 -148624 94886.8 231043
0 0 229 16021 142385 -123279 176791
0 0 230 113140 127819 -141211 -293077
0 0 231 30804.1 6382.53 105764 112.859
0 0 232 123713 40641 -17687.9 -178421
0 0 233 -2083.5 -85608.8 -95156.3 -112762
0 0 234 -192626 -46192.9 -85481.7 120460
0 0 235 -25708.4 -203669 -65216.6 193842
0 0 236 30710.4 11696.3 53841.2 -264220
0 0 237 8816.62 101906 -137504 -81177.2
0 0 238 -133540 -141091 -257392 -43901.1
0 0 239 -129611 90840.8 60424.6 -397408
0 0 240 128484 13259.2 71759.3 87181.8
0 0 241 1518.62 -134996 -99836.2 -249536
0 0 242 -20609.1 -242210 120462 -320053
0 0 243 -38433 41078.6 197959 177950
0 0 244 137607 -116335 141514 11857.4
0 0 245 284829 -120461 54084.5 190217
0 0 246 -539.75 -94486 296393 -9501.96
0 0 247 -183269 -155063 -21666.5 37663
0 0 248 -180696 -269810 161450 59321.2
0 0 249 -120161 192710 90164 -178770
0 0 250 -171106 -137840 -125025 116848
0 0 251 113888 -200543 -101224 -275578
0 0 252 4606.25 195242 45211.4 25108.9
0 0 253 -8399.12 109846 78471.4 -71263.5
0 0 254 -115482 236627 58764.4 143015
0 0 255 -52093.2 142135 273796 185098
0 0 256 -126897 -432444 132798 -123709
0 0 257 150706 239377 -67492.1 58113.1
0 0 258 121514 -202044 -343905 -253148
0 0 259 -117634 -167504 60768 90918.1
0 0 260 148788 -25187.8 44638.9 -30350.7
0 0 261 -96582.6 -302162 -65588.7 -150698
0 0 262 -30339.8 90778.3 -66304.2 -91203
0 0 263 -45824.5 -28657.3 -109010 -44050.5
0 0 264 196692 177643 136576 -134594
0 0 265 260409 -148062 -79585.4 5929.08
0 0 266 413619 -16248 107109 -188260
0 0 267 -51531.9 50112.1 41232.8 28098
0 0 268 123104 -1431.88 55129.3 25208.5
0 0 269 97234.1 -118148 -195394 -243907
0 0 270 -92886.9 39609.5 -250608 1956.11
0 0 271 29821.6 -540752 320108 -153400
0 0 272 235474 -72793.2 12423.6 122440
0 0 273 230235 -2119.56 79473.2 -30873.8
0 0 274 201277 67085 86199.7 -154459
0 0 275 165255 17666.6 286032 145718
0 0 276 -140230 -212203 -9859.48 -20860.4
0 0 277 13448 -25656.6 57447.7 30813
0 0 278 -14153.2 -223643 -68078.9 62870.7
0 0 279 -30433.2 28325.4 53655.2 611.035
0 0 280 -235010 -91860.4 252242 -188721
0 0 281 -182568 -118273 11264.4 237793
0 0 282 67574.5 -240710 8573.8 242215
0 0 283 203429 -66291.6 -92551.6 303926
0 0 284 -54432.4 -101206 267198 -110408
0 0 285 132414 -102644 -207273 -273287
0 0 286 140741 -69011 1489.58 82586.1
0 0 287 -45543.8 -58414.7 83094 -63018.6
0 0 288 -76653.6 -170411 12523.8 -48384.7
0 0 289 -46292.2 15291 141371 166168
0 0 290 -118009 255600 -126441 -158158
0 0 291 -258869 -96049 -284069 -262501
0 0 292 -335638 46830 272994 -174922
0 0 293 174237 -12309.6 93198 46954
0 0 294 -17006.9 -111459 -130205 -128716
0 0 295 -22714.2 23042.9 140269 123374
0 0 296 224480 -267247 -55556.3 -35133.2
0 0 297 -105892 45610.9 -149168 -136350
0 0 298 -186310 -15404.1 -49774.4 41735.6
0 0 299 297507 -271498 117986 142068
0 0 300 19950.6 -226487 -78855.5 132939
0 0 301 -8212 -307288 66235 -87790.5
0 0 302 19716.8 -6839.47 -41001.4 -192308
0 0 303 -105050 199930 33876.6 264745
0 0 304 45025.7 -187446 -425467 100608
0 0 305 76603.4 21292.5 -18031.4 -100270
0 0 306 -187480 -14403.8 -407892 3849.19
0 0 307 -210637 -90891.4 112003 -150611
0 0 308 225837 -77950.7 -67177.2 -86570
0 0 309 79597.4 29044.4 -248104 16054.5
0 0 310 28090.7 177706 -146821 66071.5
0 0 311 87363.2 19979.6 -112116 -223432
0 0 312 267192 -157564 -359119 -164971
0 0 313 56721.1 1787.66 95115.8 -40364
0 0 314 11202.5 -345704 150645 43529
0 0 315 -69355.8 303893 95430.6 63481
0 0 316 256292 -85390.1 72875.6 -376908
0 0 317 -63835.5 113253 -27104.9 11932.1
0 0 318 130730 -184321 -228869 46742.2
0 0 319 -173305 -132370 -124438 -152404
0 0 320 74872.4 -88484.6 -76136.3 -165344
0 0 321 46475.9 -2838.5 80732.6 -231863
0 0 322 7787.38 6382.53 -64830.2 -97517.4
0 0 323 169839 259476 -91034.6 -139526
0 0 324 -74595.2 378224 108683 95675.7
0 0 325 -130827 -86671.7 3020.91 -142366
0 0 326 38382.7 250036 234940 -67315.4
0 0 327 129935 -64509.9 -44636.6 -61549
0 0 328 159407 -365959 -224547 -69494.9
0 0 329 -26129.4 -269623 -127658 3625.01
0 0 330 167313 -162784 -169991 -123061
0 0 331 5074.12 -108708 10276.9 -111329
0 0 332 -140136 -39628.8 86113.8 288433
0 0 333 -149493 -60165.1 -324470 192596
0 0 334 120438 -103895 98278.6 -115564
0 0 335 -7837.75 -79795 -235023 6614.07
0 0 336 90170.1 47080.1 2949.36 51811.2
0 0 337 -59250.9 71242.2 -27892 -41958.2
0 0 338 147104 -15872.9 49633.6 102065
0 0 339 -29497.6 52925.2 -25230.1 -833.676
0 0 340 357481 -36878.1 -20392.8 -33526.6
0 0 341 142051 84339.2 -207044 -168607
0 0 342 -76840.8 28825.6 -75234.6 70156.6
0 0 343 105234 -95048.7 -6424.71 -307412
0 0 344 198844 91622.3 -122778 -329108
0 0 345 27108.2 -200075 132011 -459082
0 0 346 190189 62333.8 -329894 -27984.3
0 0 347 193511 -151906 23329 146938
0 0 348 80626.6 -126244 -94555.2 -78325.1
0 0 349 -230800 184114 -262101 349235
0 0 350 176436 -169473 163797 -167486
0 0 351 133256 -37472 255720 -33003.5
0 0 352 -6293.88 -55226.4 143331 -130958
0 0 353 -112956 -29751.4 142773 -241665
0 0 354 185792 264227 -350675 21771.1
0 0 355 14851.5 -202325 -59205.7 2429.38
0 0 356 -59484.8 25856.1 256607 40527.5
0 0 357 7319.62 -2182.06 -286945 -111230
0 0 358 95362.9 -19842.7 -112602 -198834
0 0 359 -204555 -34565.1 -70096.8 -89994.9
0 0 360 64674 -157189 -100695 -214103
0 0 361 103596 138821 184878 159069
0 0 362 188412 56394.8 100483 112664
0 0 363 -68139.4 133664 -84222.3 58412
0 0 364 62849.6 -221174 -27062 137934
0 0 365 -77870 -99737.3 -88158 72709.7
0 0 366 -174053 85620.8 30585 130336
0 0 367 206282 89465.5 -7512.39 32357.4
0 0 368 -63133.8 -86015.2 -362596 85400.8
0 0 369 367773 188646 -188525 -35793.3
0 0 370 -95459.9 -87421.8 163053 95837.6
0 0 371 -185749 68241.5 -14811.3 66856.1
0 0 372 -49192.8 -30501.6 -35634.6 16565.2
0 0 373 29260.2 45204.6 -145776 165607
0 0 374 43294.8 56738.7 24602.7 -31558.8
0 0 375 -53590.2 -251744 -276985 -324113
0 0 376 229907 -174662 100611 -167088
0 0 377 -89238 83901.6 -244311 -171758
0 0 378 210820 -246367 -234308 -55745.3
0 0 379 111128 19417 -185691 -229198
0 0 380 52323.6 31545 -106920 26790.2
0 0 381 -102898 41953.8 77226.3 -107730
0 0 382 -98641.1 -194948 174588 -122763
0 0 383 80813.8 56769.9 -144588 -271867
0 0 384 -2270.62 -138247 15300.2 49121
0 0 385 153840 330087 -55241.4 -89384.7
0 0 386 263871 89465.5 -158428 -42207.3
0 0 387 270046 178050 -14195.9 -84502.5
0 0 388 -19018.5 79713.1 -30625.5 34474.6
0 0 389 347283 61114.8 65877.2 58735.9
0 0 390 125210 60239.6 380245 129265
0 0 391 13354.5 50799.7 -3519.46 -52843.4
0 0 392 65095.1 104125 333546 182408
0 0 393 304945 -320573 6054.96 262316
0 0 394 516586 -195605 139567 180615
0 0 395 487066 -76544.2 6326.88 -144396
0 0 396 241135 63334.1 71058 -45968.5
0 0 397 253485 -241147 -217592 -130746
0 0 398 345458 25293.4 152448 166865
0 0 399 406929 8039.19 -18975.9 21522
0 0 400 429852 -220517 104647 -18506.5
0 0 401 424987 -335420 -28994 244045
0 0 402 250070 -22437.1 -179852 -53902
0 0 403 792177 196961 -216361 -106634
0 0 404 701233 -25469.1 27250.4 342635
0 0 405 553122 299548 -134213 -5740.72
0 0 406 861180 4507.06 88675.6 -35494.4
0 0 407 1.03161e+06 164609 -68050.2 -38732.5
0 0 408 987678 -34502.5 46055.8 104892
0 0 409 1.34776e+06 231469 253359 -42481.3
0 0 410 1.45475e+06 141447 -189756 22941.8
0 0 411 1.47982e+06 233907 88704.2 -113061
0 0 412 1.67453e+06 -63947.3 -418841 103821
0 0 413 2.06759e+06 241253 121750 -167524
0 0 414 1.90207e+06 513382 -17516.2 165084
0 0 415 2.14613e+06 587619 -185333 -51373.8
0 0 416 2.14571e+06 736719 15529.2 45920.2
0 0 417 2.52114e+06 451836 -131121 334975
0 0 418 2.48081e+06 589276 46270.4 -269276
0 0 419 2.60226e+06 878691 -220454 5019.91
0 0 420 2.43141e+06 638194 -230172 148171
0 0 421 2.25836e+06 1.2009e+06 -286917 -139551
0 0 422 2.25247e+06 1.13482e+06 -294073 -190764
0 0 423 2.42018e+06 918357 -302774 189981
0 0 424 2.22431e+06 1.35984e+06 -265349 317900
0 0 425 2.10735e+06 1.50666e+06 -59406.1 183280
0 0 426 2.11727e+06 1.24231e+06 -255646 -86208.8
0 0 427 2.18524e+06 1.31361e+06 -131379 -54960.6
0 0 428 2.0623e+06 938393 142229 61002.6
0 0 429 1.69974e+06 750253 -113761 154324
0 0 430 1.47285e+06 96623.5 -298652 -157149
0 0 431 1.25097e+06 241878 26134.1 5268.99
0 0 432 674848 -187759 201765 -46877.7
0 0 433 565940 172955 -95299.5 -334799
0 0 434 519159 16041.2 39329.3 -58161.4
0 0 435 600980 56957.5 206460 -27523.5
0 0 436 88579.5 -297255 43021.7 -99348.2
0 0 437 242304 -51194.2 -175458 166467
0 0 438 47692.2 51581.2 -44650.9 -197390
0 0 439 356031 -255838 140884 -140697
0 0 440 157068 -106958 -96015 -89982.5
0 0 441 -292130 103281 -95413.9 -126449
0 0 442 99198.9 327430 -141597 -82696.6
0 0 443 56674.3 -1525.66 32960.7 -303514
0 0 444 23880.3 161514 64603.5 -117918
0 0 445 101725 -164691 69669.8 -87342.1
0 0 446 108555 229469 223176 232674
0 0 447 148975 -111584 -22825.8 37687.9
0 0 448 17190.5 181426 33690.6 256911
0 0 449 146308 -115866 -70912.6 -9975.23
0 0 450 17845.5 -59915 -50475.7 -26689.1
0 0 451 98544 -20092.8 156040 22169.7
0 0 452 11296 -20780.4 3765.12 7074.89
0 0 453 119689 326711 -206629 -372125
0 0 454 -252506 185770 -122506 -258703
0 0 455 -87039.2 -201981 80675.4 -27423.9
0 0 456 -461995 28888.1 216034 -162629
0 0 457 98871.5 123536 191490 -2278.39
0 0 458 289928 119254 252758 -150748
0 0 459 142800 114003 -56429.3 -63990.1
0 0 460 93117.3 -64978.8 76110 134708
0 0 461 62194.6 108720 39343.6 -345896
0 0 462 105374 -94767.4 -59305.9 -200852
0 0 463 -59999.4 -45817.8 -177176 220021
0 0 464 126239 52862.7 58492.5 -36515.6
0 0 465 3109.25 -109677 -57144.9 12816.4
0 0 466 153934 224405 118801 -126250
0 0 467 -35251.8 -140747 114994 -1792.67
0 0 468 -32351.4 411138 159747 -282827
0 0 469 -140090 32670.2 -223645 -89260.1
0 0 470 -75063.1 -150531 137521 -133386
0 0 471 181301 -205576 -65703.2 -215810
0 0 472 -22807.9 -81826.7 145521 -27461.2
0 0 473 -144581 -156751 131954 -159603
0 0 474 -14246.8 -179038 -61381.1 -70840
0 0 475 9378 -149343 -30224.8 -142939
0 0 476 3577 -97674.3 -26131.7 38572.1
0 0 477 -71881.9 258851 134272 -229846
0 0 478 -59952.6 -76137.8 87115.6 -82920.8
0 0 479 -74829.1 -9246.31 -40013.9 53044.2
0 0 480 -121284 -75606.4 94113.9 -301807
0 0 481 41002.4 -6776.97 -286788 -107257
0 0 482 160249 -155970 152548 252166
0 0 483 213627 -73668.4 218295 -180738
0 0 484 152437 111377 192134 -374267
0 0 485 86287.2 -51256.7 124039 218252
0 0 486 -5872.88 -74606.2 -133440 13787.8
0 0 487 34359.4 67116.2 -22625.4 -138704
0 0 488 176061 46548.7 -39598.9 169555
0 0 489 211803 52612.7 196900 -148194
0 0 490 147618 167235 -26346.4 68114
0 0 491 216715 -54007.3 151804 -247108
0 0 492 406181 -114397 -194951 194664
0 0 493 316500 282638 43021.7 187751
0 0 494 383351 -14810.2 307070 -68785
0 0 495 15927.4 102156 -4635.77 146901
0 0 496 291799 17229 96146.2 297163
0 0 497 407771 50080.8 193851 320540
0 0 498 367773 157732 175146 39605.9
0 0 499 238609 139822 256235 160003
0 0 500 292220 9352 -25888.4 128331
0 0 501 319728 -132089 24774.5 6813.34
0 0 502 521685 -160534 46170.2 162332
0 0 503 425595 -273843 274855 -101005
0 0 504 661328 -192917 -170406 -65895.6
0 0 505 698894 -50381.5 180885 146976
0 0 506 694216 -172036 195182 -40214.6
0 0 507 811592 -12434.6 421476 -365275
0 0 508 800411 23668 395801 79061.5
0 0 509 724016 -201419 261359 128979
0 0 510 838912 -313696 407566 -44984.6
0 0 511 1.05327e+06 -217079 113850 -228152
0 0 512 746705 -345485 333589 -65509.5
0 0 513 754705 -149093 511954 246113
0 0 514 699830 62396.3 302805 -112986
0 0 515 811638 119035 93069.2 159492
0 0 516 709701 -282782 216306 -38782.3
0 0 517 777020 -365146 -12077.8 150799
0 0 518 857812 32576.5 77841.7 86970.1
0 0 519 1.10856e+06 -247555 -86283.2 -48272.6
0 0 520 851028 -59289.9 203325 70567.6
0 0 521 918862 121536 103259 206906
0 0 522 560794 -85765.2 144720 105552
0 0 523 592606 161546 -118241 -11519.6
0 0 524 623576 37640.2 65133.1 85214
0 0 525 598641 -358270 -88730.5 -342484
0 0 526 510644 -76387.8 73777.2 -254705
0 0 527 731595 -160502 -177820 49556.9
0 0 528 559391 -130026 274253 -223345
0 0 529 469617 59833.2 106493 -123049
0 0 530 631435 11477.5 39844.5 20799.7
0 0 531 123900 -29563.8 -54368.4 85500.4
0 0 532 329786 78556.6 228557 -231963
0 0 533 282630 28044.1 -62068 68637.1
0 0 534 294934 -319823 -85395.9 -82895.9
0 0 535 206282 -57695.7 125871 -87130.4
0 0 536 234164 -76700.4 -196926 -289453
0 0 537 97795.5 -152750 151360 -277534
0 0 538 372919 176081 44223.9 51051.5
0 0 539 358276 204619 35050.2 -196132
0 0 540 405619 -123931 108955 -75448.2
0 0 541 394252 943.688 241494 -213506
0 0 542 451980 30419.7 315041 -55882.3
0 0 543 270514 41359.9 123939 -62831.8
0 0 544 211662 20417.2 49075.5 -105750
0 0 545 111082 -116679 140154 -23737.4
0 0 546 -7229.5 -59227.3 -86827 86347.3
0 0 547 -24772.8 201024 -167215 109214
0 0 548 -139388 100062 -202150 -142802
0 0 549 131806 24261.9 65877.2 -36590.3
0 0 550 127502 -148749 -106563 -22902.9
0 0 551 -18410.4 35546 201379 80879.8
0 0 552 -78805.6 94029.1 103717 95949.7
0 0 553 186540 263540 107753 36367.7
0 0 554 175032 -368053 338655 17723.4
0 0 555 176436 23199.2 67837.9 94392.9
0 0 556 115339 75024.4 34449.1 66146.2
0 0 557 541333 -197043 -72315.1 -15368
0 0 558 128484 -224737 -131307 -65546.9
0 0 559 197628 66834.9 175260 -4744.37
0 0 560 -42269.1 -108458 75237 -91975.2
0 0 561 182470 16697.6 170824 14946.1
0 0 562 154121 213090 -9873.79 -214440
0 0 563 69679.7 202868 -133440 37276.9
0 0 564 -26550.4 138478 -68837.4 16864.1
0 0 565 159314 143416 194252 175421
0 0 566 121233 138915 164312 102513
0 0 567 33377 65365.8 20939 -33850.4
0 0 568 -192392 38140.3 -162821 -135105
0 0 569 164834 120192 154051 -17871.3
0 0 570 -213444 -174600 39086 -131879
0 0 571 66124.2 132320 63773.5 63269.3
0 0 572 229626 -101081 -116638 -151146
0 0 573 108602 45579.7 -92422.8 104431
0 0 574 42733.4 -173537 -106219 285705
0 0 575 -119740 81338.5 -122806 -115639
0 0 576 -14808.1 101500 64775.3 239126
0 0 577 35248.3 -75856.5 -12464.2 -217678
0 0 578 160857 72461.3 70428.3 134446
0 0 579 46943.8 314896 121678 -50003.8
0 0 580 -119740 52206.3 38384.8 18508.1
0 0 581 29587.7 -307413 -248390 -29977
0 0 582 119409 -214078 -129418 38074
0 0 583 -13638.6 -64791.2 234267 -209234
0 0 584 -57800.6 32263.9 -49731.5 -81152.3
0 0 585 154963 186114 -144016 144534
0 0 586 73422.2 -55570.2 -97632.2 59993.8
0 0 587 -63835.5 -211952 -76222.1 71028.4
0 0 588 160998 -138622 3736.49 -295368
0 0 589 43341.6 -73168.3 85283.7 -30985.9
0 0 590 40487.9 -32033.2 -128903 -95562.1
0 0 591 -71273.8 -2619.69 141900 303416
0 0 592 -18691.1 41203.6 268600 -69806.3
0 0 593 -144908 -4807.72 -356657 237133
0 0 594 -30199.4 -46380.5 -52164.4 122602
0 0 595 17705.1 -161909 131295 38609.5
0 0 596 -24819.5 -75137.5 -83306.4 -16177.5
0 0 597 -213724 41047.3 -63327.4 -40986.8
0 0 598 232012 -187103 43078.9 245926
0 0 599 125397 92403.7 151775 77180.9
0 0 600 35295.1 -178944 -1329.8 88501.9
0 0 601 -49707.4 -95673.8 189787 -269202
0 0 602 58311.7 -153594 -41946 265579
0 0 603 273929 -48130.9 235169 -159690
0 0 604 172787 126443 104189 -43664.5
0 0 605 41189.6 -210640 -72143.4 38435.1
0 0 606 175734 49987 -47985.5 -40912
0 0 607 325903 95560.8 -189083 -217167
0 0 608 47879.4 -163503 -55313 -88413.2
0 0 609 -78337.8 -138903 336122 -321822
0 0 610 44885.3 233563 -129347 -173701
0 0 611 138308 185020 209150 -66742.5
0 0 612 -219198 67991.5 -262730 90806
0 0 613 -57145.6 11758.8 -126856 -15704.3
0 0 614 78615 4788.41 -129647 13937.3
0 0 615 97140.6 -7777.22 -10532.1 -12491
0 0 616 195055 -45849.1 308301 -135142
0 0 617 -260740 -8965 -269113 138195
0 0 618 -161048 -273249 -191459 80767.7
0 0 619 -109307 276918 -71184.5 84603.7
0 0 620 144671 -47537 -288162 84915.1
0 0 621 356966 -28376 -118413 -60926.3
0 0 622 192108 24074.4 -57345.2 -66344
0 0 623 -83062.8 -61978 -156.25 -195758
0 0 624 -85214.8 -117711 83308.7 -8866.79
0 0 625 88579.5 10758.6 -10002.6 141172
0 0 626 141349 -87859.4 -99793.3 5580.36
0 0 627 162 120848 -75277.6 -173004
0 0 628 -115529 110877 85841.9 -180862
0 0 629 -73519.2 100031 -320549 -121056
0 0 630 71036.3 28888.1 319006 12006.8
0 0 631 153092 -78075.8 202824 112265
0 0 632 -144253 -116366 -38396.7 295519
0 0 633 109725 -172036 21940.8 -303364
0 0 634 -151832 -210796 129392 -8617.7
0 0 635 -30947.9 -249555 76296.1 74029.9
0 0 636 98544 86120.9 213458 -163252
0 0 637 307518 -170974 -147250 71115.6
0 0 638 -183176 43079.1 142287 -118877
0 0 639 -22995 -195386 208449 -14745.3
0 0 640 138449 -93735.8 37597.6 55510.2
0 0 641 274490 -105426 -16328.3 -60029.6
0 0 642 67480.9 -283189 312007 -52382.6
0 0 643 -241279 46986.3 186767 -208598
0 0 644 257696 -279625 137321 -130073
0 0 645 -43719.2 -206920 -158700 -231403
0 0 646 196505 49955.8 97949.4 -31546.3
0 0 647 -31556 -149750 -74189.9 -380059
0 0 648 -17942.5 78056.4 120905 -49406
0 0 649 -236133 -118930 -60536.7 29306
0 0 650 134847 195023 -40915.5 156640
0 0 651 -250916 183301 -123708 -70516.2
0 0 652 169372 207276 -6109.86 -223282
0 0 653 71223.4 -163065 88446.6 -327501
0 0 654 -16305.2 -158658 481113 -260571
0 0 655 141864 -402031 -158342 -219994
0 0 656 -274026 28981.8 -329136 81066.6
0 0 657 -222893 323273 -159229 -41534.8
0 0 658 -250588 -120492 114994 -70952.1
0 0 659 -204602 -71199.1 230417 57228.9
0 0 660 136671 63740.4 77026 288034
0 0 661 -198380 -29032.4 -3118.74 -55882.3
0 0 662 288057 50518.4 226882 53255.9
0 0 663 75808.1 262664 -33058.5 100931
0 0 664 -85214.8 255381 -114434 46156.9
0 0 665 -86571.4 -44098.7 237244 29741.9
0 0 666 -240343 157201 -19204.9 -215212
0 0 667 -8165.12 -41910.6 103416 55036.9
0 0 668 -104676 -106208 200735 -6624.99
0 0 669 78474.6 142385 193565 139441
0 0 670 225884 33983.1 69655.5 -59045.7
0 0 671 210446 219654 -77896.6 -278493
0 0 672 186447 255975 -31741.8 47377.4
0 0 673 26266.2 233001 67050.8 -175769
0 0 674 -428499 -74231.1 -37938.8 166766
0 0 675 170026 -72449.4 83552 -24223.1
0 0 676 18687.5 239221 -243252 -103682
0 0 677 31786.4 -223643 139253 121307
0 0 678 120485 -308382 224721 -135491
0 0 679 190330 16291.2 -257077 48872
0 0 680 26500.1 -121461 -78139.9 -159105
0 0 681 -86898.9 -113491 -97632.2 -189817
0 0 682 184388 -364584 64818.2 673.309
0 0 683 -92325.5 -135121 -104745 -262240
0 0 684 42218.8 307676 -56343.4 -154721
0 0 685 -148464 -22249.5 14627.6 -8268.97
0 0 686 -174240 227781 47100.5 75636.5
0 0 687 -37357 226280 -139350 137784
0 0 688 -70852.8 102719 -31584.4 175409
0 0 689 -115716 361814 -9487.38 -31459.1
0 0 690 -99062.1 92591.2 52038 279428
0 0 691 164881 -59633.7 -134298 42844
0 0 692 -146826 -74356.1 277946 216994
0 0 693 -303592 -53350.9 216206 -104791
0 0 694 -46432.6 139040 117528 -149266
0 0 695 154121 268447 -98304.9 -103085
0 0 696 188926 -95267.5 27422.1 12803.9
0 0 697 193651 -186196 36209.4 -109885
0 0 698 -36702 -80451.3 24030.3 -323852
0 0 699 -94056.5 -112803 -31484.2 1868.93
0 0 700 62756 188802 59508.6 -56255.9
0 0 701 18547.2 -344110 158029 70218.8
0 0 702 138636 -84952.5 -222501 -10797.2
0 0 703 -67437.6 -118273 -206829 112676
0 0 704 48300.4 -99518.5 8874.34 145742
0 0 705 171056 -364834 -105761 -15841.3
0 0 706 -81378.6 -34158.7 52710.6 -77391.1
0 0 707 196973 -23906.2 -58146.7 -26477.3
0 0 708 -89425.1 94623 -89946.9 31647.5
0 0 709 140133 -104238 -36436 44886.5
0 0 710 -171901 -15622.9 138594 -301882
0 0 711 2641.38 -88453.3 41189.8 65897.2
0 0 712 -1943.25 -383870 -31684.6 -28619.5
0 0 713 193698 50330.8 38771.2 -115116
0 0 714 50686.2 -299224 182831 -103981
0 0 715 5635.5 -249649 -78411.8 -38047.5
0 0 716 -143458 -63447.2 -139680 310814
0 0 717 60089.4 -76669.2 -343404 -189680
0 0 718 -43298.2 -141623 153993 87904.1
0 0 719 -38900.8 51706.2 -6467.64 120497
0 0 720 -9662.12 -197480 107123 -109897
0 0 721 -106781 79869.4 -92866.5 46107.1
0 0 722 192950 91778.6 97004.9 121382
0 0 723 241462 -123087 129192 -459319
0 0 724 116789 -40379 -127214 14036.9
0 0 725 -119599 195429 -240562 -27884.7
0 0 726 201136 318584 188169 -101465
0 0 727 141817 -258339 -11748.6 67690.6
0 0 728 -62385.2 137977 -104244 -109723
0 0 729 -20468.8 181863 -22024.3 -143487
0 0 730 -146218 -49787.5 -38253.6 -95898.3
0 0 731 -82314.2 -74418.6 -200618 194888
0 0 732 -2972.38 -242773 -271460 -133299
0 0 733 30008.8 -103895 -89574.8 -262065
0 0 734 -18644.2 226593 129721 65847.3
0 0 735 -175550 3225.5 78328.3 20637.8
0 0 736 -176767 176393 -242107 19641.4
0 0 737 -98220 3538.09 -38153.4 95962.1
0 0 738 -72115.9 105188 237416 -84490.1
0 0 739 30195.9 168172 -264004 -9937.86
0 0 740 146776 -221955 -242365 131183
0 0 741 225790 -307132 176735 -23276.6
0 0 742 109444 -303569 -221728 -33937.6
0 0 743 160764 -4776.47 -5079.42 105129
0 0 744 -188556 -340578 26835.3 90270.5
