0 0 0 8.59891 51.9013 -11.4569 16.1579
0 0 1 18.1507 19.3205 -1.99274 23.0561
0 0 2 0.745738 6.71108 25.3465 -1.71455
0 0 3 14.5006 38.4005 -23.7257 10.4052
0 0 4 24.2842 -16.2963 22.2915 -3.34918
0 0 5 -2.67258 -21.2431 -39.009 -5.21622
0 0 6 -19.6746 -21.9645 -6.83125 14.1205
0 0 7 22.0773 27.2589 25.5162 -4.87756
0 0 8 7.60081 -37.3956 26.1763 3.76152
0 0 9 -6.80985 14.8416 19.1717 -3.05147
0 0 10 -2.54354 9.40734 1.59574 -8.91047
0 0 11 25.0716 -17.6555 -44.3567 3.59219
0 0 12 -1.73768 19.4905 5.67184 -2.56341
0 0 13 -7.10744 -4.09345 6.58243 16.9647
0 0 14 -0.889682 22.8441 -14.8541 7.92169
0 0 15 -10.8865 11.3376 -30.8164 8.09213
0 0 16 -16.0667 18.1312 19.4896 11.8915
0 0 17 -3.47844 -30.6243 1.36136 11.3603
0 0 18 -8.40313 -9.56953 -10.0156 10.7029
0 0 19 0.342809 11.9755 32.1194 4.14445
0 0 20 -2.9254 2.21267 14.4167 7.94383
0 0 21 7.21895 -47.3924 29.296 -1.43897
0 0 22 -2.18274 -11.8396 37.1492 4.90809
0 0 23 -21.4997 -14.0679 9.85301 -8.61276
0 0 24 -9.93058 -24.4909 0.959946 3.95298
0 0 25 -15.3451 -57.8794 -47.9883 -10.544
0 0 26 -1.0793 -13.029 -55.8415 -5.91678
0 0 27 -7.66048 -39.7297 -22.4945 -16.0422
0 0 28 -19.2717 -0.759341 24.5194 5.22682
0 0 29 -31.4755 -22.8141 4.41911 16.2
0 0 30 1.99666 23.5655 -6.19546 -1.3117
0 0 31 7.30322 -22.2821 -9.95097 12.8466
0 0 32 -5.32454 -28.7999 -0.422103 7.90067
0 0 33 9.17302 -33.8303 -27.7182 -12.6246
0 0 34 -2.75685 -44.9719 -27.1229 1.66096
0 0 35 -14.5998 -13.0485 4.29249 1.4695
0 0 36 -9.23006 26.855 -17.0202 17.0068
0 0 37 -7.937 8.49373 -19.8004 -14.599
0 0 38 -16.5328 23.7549 26.3245 -23.662
0 0 39 8.57785 33.8798 -32.4301 10.1296
0 0 40 -2.16167 39.9074 -31.9614 -5.98097
0 0 41 8.45144 37.5732 -50.1732 5.12058
0 0 42 5.83898 -7.7646 -36.9077 4.71662
0 0 43 10.8479 -10.2269 -66.6877 7.09386
0 0 44 -3.22299 -29.1592 -33.7017 -9.97181
0 0 45 14.0319 -47.7962 -31.6435 6.18192
0 0 46 -20.2856 44.2387 -7.89271 -21.816
0 0 47 -26.2953 5.75569 24.8804 -6.57528
0 0 48 -7.95807 15.1174 52.3032 -10.0139
0 0 49 -7.76582 4.4187 -0.823516 -17.0183
0 0 50 1.08546 -7.19081 -45.7172 -12.3269
0 0 51 -10.8023 -5.09062 -43.5512 -2.39408
0 0 52 -14.4313 -30.6048 -59.7451 -2.83898
0 0 53 -13.923 -42.3202 -52.4874 24.2658
0 0 54 -1.10036 -33.7022 8.93973 -20.7325
0 0 55 2.12571 20.7829 2.87003 0.662694
0 0 56 -1.44009 30.8019 1.23474 7.60406
0 0 57 -17.2123 -0.483587 -17.0821 2.50982
0 0 58 -7.04423 29.9329 24.3928 -5.72642
0 0 59 -12.1822 -36.5683 -10.7565 -5.95994
0 0 60 4.41687 -69.8064 -13.4748 -0.992965
0 0 61 -1.20834 -0.695277 -67.1538 1.85131
0 0 62 -4.30537 -17.1263 -0.505618 0.53542
0 0 63 8.87543 -42.5541 7.83517 1.93653
0 0 64 4.29046 -51.2362 12.0379 4.90809
0 0 65 6.26298 6.11779 18.4901 26.0709
0 0 66 -9.8463 0.343674 12.9296 11.4245
0 0 67 2.16784 0.109702 31.268 -1.88388
0 0 68 -4.66616 -4.45277 52.4729 18.7045
0 0 69 -8.59275 3.97304 6.43426 -7.84912
0 0 70 -9.80417 15.6048 -25.3178 19.7658
0 0 71 -10.9287 -13.8145 -26.3793 8.24043
0 0 72 -8.89034 6.75286 -12.2867 21.7192
0 0 73 -1.67447 -56.8822 3.06131 23.9482
0 0 74 -20.9018 -12.3494 9.68329 10.766
0 0 75 -27.886 36.7877 -60.9359 6.81829
0 0 76 -20.1197 35.0274 -41.0242 15.3511
0 0 77 1.76491 46.5087 6.54202 2.5729
0 0 78 8.57785 18.4905 -18.7821 28.3208
0 0 79 -5.7064 -4.38871 -27.8664 15.0966
0 0 80 11.9962 -9.33556 -11.6267 22.7164
0 0 81 16.2835 -3.56144 -26.8669 -12.5604
0 0 82 4.3326 44.6203 -29.7118 -9.35537
0 0 83 -13.6043 18.4069 20.4433 -7.57244
0 0 84 -7.97913 23.2257 6.22413 8.49498
0 0 85 8.21705 2.19039 -24.6174 -5.00484
0 0 86 -0.50782 -5.8956 30.441 1.85131
0 0 87 8.11171 8.38788 48.7794 1.34222
0 0 88 -22.9613 -41.6405 45.3633 1.49052
0 0 89 -12.6062 -39.3704 -22.7073 -1.88388
0 0 90 -10.0807 -6.93734 -27.6967 3.63425
0 0 91 15.6884 27.1085 -25.5522 11.8915
0 0 92 -2.86219 28.5736 -9.46334 11.233
0 0 93 -5.15599 23.9471 1.19164 -3.0725
0 0 94 45.0443 53.0906 9.93653 2.21211
0 0 95 10.2133 56.2938 -3.0515 -12.0724
0 0 96 10.7215 36.044 -24.4908 -13.3672
0 0 97 30.1227 -6.06551 -44.9737 -11.3087
0 0 98 9.15195 -2.7119 22.375 -17.4212
0 0 99 13.8633 33.9216 28.7006 6.13876
0 0 100 -4.68723 -1.22729 22.2699 13.2716
0 0 101 15.7937 39.5035 36.5538 -21.5183
0 0 102 19.8072 34.072 6.98654 9.32281
0 0 103 31.2051 46.5087 21.8227 18.8318
0 0 104 29.6987 20.9333 1.17008 8.28249
0 0 105 24.3053 32.6486 62.9366 1.00246
0 0 106 1.57267 32.1389 -12.839 -14.7684
0 0 107 -6.38585 6.6693 -45.0787 1.34222
0 0 108 -21.8605 35.1109 -20.5009 -19.2052
0 0 109 -28.2705 25.8356 -52.6355 -10.8838
0 0 110 -4.11575 -18.4187 25.1337 -9.16501
0 0 111 13.4393 -2.94587 13.7567 -0.0168347
0 0 112 -9.48551 -14.4495 38.6551 -18.9717
0 0 113 -10.6522 -27.5047 21.952 -35.2505
0 0 114 9.95781 -12.1794 0.491181 -5.57812
0 0 115 16.3257 1.78651 -31.1559 8.26146
0 0 116 6.94243 10.4045 22.3965 -3.05147
0 0 117 -19.9485 -32.8108 47.5482 6.66999
0 0 118 -12.0111 -36.0586 22.1217 8.00691
0 0 119 -26.3611 36.512 12.2723 0.472337
0 0 120 -24.1964 -23.6413 -5.15286 -23.0887
0 0 121 -5.26134 -26.0201 -32.6834 -2.86111
0 0 122 11.0613 -20.5217 -16.4248 -17.8462
0 0 123 4.92778 3.50509 -0.591828 3.35867
0 0 124 -10.1439 7.77231 -25.2343 5.22682
0 0 125 -12.543 17.2594 39.2505 14.0773
0 0 126 -9.93058 41.7764 -12.8578 15.9665
0 0 127 6.90029 30.5902 42.6881 28.2777
0 0 128 -9.18792 -21.4966 16.5181 -17.9734
0 0 129 16.5574 -22.0927 -70.8689 -13.9616
0 0 130 -6.85462 -48.4536 -46.5443 19.8931
0 0 131 14.7745 -14.1961 -34.9545 13.7807
0 0 132 5.47819 28.5513 12.2938 13.8869
0 0 133 -0.104891 4.48277 20.1685 12.104
0 0 134 -7.61834 16.0282 13.9264 13.504
0 0 135 20.1259 6.83921 -6.91477 3.82571
0 0 136 28.4873 -52.4868 17.0892 8.38873
0 0 137 28.9982 -61.5728 -16.8073 16.9005
0 0 138 25.2402 11.3599 60.5174 17.9198
0 0 139 8.04587 0.301894 27.7469 9.78984
0 0 140 -0.315573 -2.56427 -39.4966 -1.46
0 0 141 14.8614 10.4686 5.75536 2.29732
0 0 142 -11.7345 12.9086 -0.950137 10.8512
0 0 143 2.08357 -17.0622 23.6708 -5.59915
0 0 144 -6.98103 -10.4804 -14.6198 7.64612
0 0 145 21.7797 -30.2427 26.2382 7.66715
0 0 146 15.9017 -16.1486 37.1923 -4.8344
0 0 147 0.872147 27.1948 -4.19916 -32.9164
0 0 148 15.7305 -17.4021 42.9225 -3.13669
0 0 149 18.7459 -33.7662 -8.74134 13.3347
0 0 150 11.5695 14.5436 -1.3758 10.6177
0 0 151 -19.1005 -15.3631 38.2941 2.29732
0 0 152 2.18891 -53.8461 18.9158 -19.5228
0 0 153 13.8423 -47.774 -1.84187 0.704749
0 0 154 -12.946 -8.59186 24.603 -6.9571
0 0 155 -4.56082 6.18185 2.63565 -0.653201
0 0 156 19.1488 12.2735 -29.6472 -0.334464
0 0 157 -16.6592 12.1036 54.8302 -11.5423
0 0 158 -12.2454 -32.3875 24.5841 -18.2069
0 0 159 11.5906 -32.3875 -3.07305 1.7661
0 0 160 -27.3356 -15.3409 -57.3905 21.0187
0 0 161 14.9878 -29.5436 0.660907 9.87506
0 0 162 13.4183 -22.8781 10.3837 2.23313
0 0 163 -4.17896 10.5326 9.00439 14.2046
0 0 164 -0.0811891 33.2001 41.4569 4.37686
0 0 165 -7.72368 -7.61697 7.85672 -3.09463
0 0 166 14.3716 -5.77026 3.14482 17.3886
0 0 167 4.03501 -6.38583 -4.60327 -0.165136
0 0 168 10.5951 -25.9755 -15.0023 -2.2668
0 0 169 4.88564 -12.6251 -6.32208 8.32565
0 0 170 32.7115 17.6855 1.19164 -15.8087
0 0 171 0.980122 8.17619 9.51356 7.87964
0 0 172 31.2894 1.87285 60.8999 4.46208
0 0 173 52.1548 -27.059 58.416 9.87506
0 0 174 36.5749 41.1803 -24.0031 -4.75029
0 0 175 14.4796 36.7654 -17.2734 -31.3249
0 0 176 37.041 36.6401 38.4639 -6.1503
0 0 177 24.9847 26.4511 41.5432 13.5892
0 0 178 24.645 11.5716 26.9387 -16.1695
0 0 179 10.3818 64.9118 7.51727 -30.3267
0 0 180 1.80705 4.20701 -8.59316 8.49498
0 0 181 18.2771 -51.0217 -25.1697 -3.92246
0 0 182 16.7918 -13.0485 -5.66473 -9.90762
0 0 183 34.1547 4.90615 0.790221 -3.85827
0 0 184 46.4453 10.0006 11.4236 -15.957
0 0 185 18.9144 17.9195 -6.78815 -3.75203
0 0 186 37.5124 68.7752 -18.9922 -5.62018
0 0 187 43.1113 25.4317 10.2544 -6.63836
0 0 188 31.2472 52.4751 -5.87487 -16.2967
0 0 189 34.9394 36.6401 20.6993 -21.37
0 0 190 30.0147 41.7123 -44.5695 -14.0678
0 0 191 36.7671 18.7245 -42.8076 2.70017
0 0 192 42.0947 0.0679206 20.0823 -22.2188
0 0 193 8.32239 -10.0152 30.6969 -24.9779
0 0 194 25.3876 -10.3104 20.147 8.41086
0 0 195 20.2523 22.2703 25.3465 -12.2428
0 0 196 49.3949 12.825 -6.40559 -9.50478
0 0 197 51.8362 2.12632 -37.0127 7.34952
0 0 198 42.3265 -4.34692 -23.133 -17.9734
0 0 199 20.3787 37.0217 7.07275 -26.9943
0 0 200 38.0602 50.0963 53.0037 4.88706
0 0 201 57.3982 -22.7918 36.8313 12.9739
0 0 202 56.6134 1.65838 49.9486 8.34667
0 0 203 35.7716 -64.84 38.251 -11.861
0 0 204 45.6421 -26.5716 -45.8223 -5.06792
0 0 205 58.2251 -46.0777 -54.7153 -0.377627
0 0 206 54.446 44.7484 -17.2734 -8.719
0 0 207 65.462 -32.9585 27.2566 21.9738
0 0 208 61.5565 -56.924 30.1877 -9.20707
0 0 209 35.1554 -73.8202 -36.3554 -10.1411
0 0 210 54.7857 -19.2905 -15.428 17.3676
0 0 211 48.0781 -15.8952 -13.6014 -1.14127
0 0 212 47.3565 -29.1397 25.5378 -24.0438
0 0 213 45.7869 39.9297 55.9132 -7.38208
0 0 214 37.9548 12.6746 26.1763 -28.1829
0 0 215 69.6888 28.7017 -15.3633 -9.99284
0 0 216 35.4925 1.85057 -17.3596 -7.99742
0 0 217 46.1714 -9.54725 10.5319 6.37228
0 0 218 38.658 3.18756 -52.913 -33.1499
0 0 219 56.3158 30.9301 -29.0329 -32.2369
0 0 220 52.4313 14.8834 -19.4394 -14.0257
0 0 221 66.9921 -36.3121 -10.7376 -11.2667
0 0 222 77.7975 -6.11008 41.8826 -6.002
0 0 223 51.0724 21.1227 28.5309 -19.0348
0 0 224 49.2685 -12.7727 13.0993 -34.4238
0 0 225 39.5033 1.9982 -61.5933 -40.1334
0 0 226 36.9778 -20.2042 -43.9957 -10.0139
0 0 227 35.0685 -31.7496 28.997 -14.5348
0 0 228 45.7237 -8.78405 -28.5669 -13.5797
0 0 229 58.6069 25.9637 -36.0159 -26.1034
0 0 230 32.0742 -27.9726 27.3213 -15.2144
0 0 231 23.6917 -36.4402 -23.1545 -12.0945
0 0 232 29.7198 35.7683 -31.7701 -24.4898
0 0 233 25.1559 26.6211 29.7621 -7.67868
0 0 234 38.442 -13.7086 10.3191 -34.2755
0 0 235 75.0349 -40.6016 -43.7209 -12.2428
0 0 236 54.8068 -24.4909 -4.22072 -2.13953
0 0 237 41.8419 -25.9755 47.5078 -17.6768
0 0 238 55.9761 -18.2711 1.08657 -12.2428
0 0 239 37.1042 -3.39154 -18.7605 -27.2278
0 0 240 31.3526 1.10687 -10.7996 -7.87015
0 0 241 38.974 4.48277 30.9932 11.4034
0 0 242 35.2792 15.9224 90.7419 -14.6201
0 0 243 28.9324 -32.5351 12.0594 -7.36105
0 0 244 47.8674 6.41304 -24.5743 -0.738418
0 0 245 58.7992 12.5047 -15.7674 7.64612
0 0 246 62.4703 -29.8388 16.8144 -10.0781
0 0 247 32.2032 -18.207 -12.2436 -3.24293
0 0 248 47.1037 -5.26053 21.5694 -26.5915
0 0 249 71.2821 20.5935 -8.31568 -16.445
0 0 250 47.209 41.4366 28.3181 6.47853
0 0 251 42.4108 30.3145 19.1071 2.5729
0 0 252 79.5804 -4.5809 43.3886 -7.25481
0 0 253 87.1991 27.1948 2.20999 -16.8269
0 0 254 113.305 103.35 -32.3655 -44.2072
0 0 255 126.428 32.0331 -24.5123 -40.0481
0 0 256 112.16 -8.55008 -27.7371 -22.4523
0 0 257 81.2763 -46.3729 -16.1069 -32.0255
0 0 258 70.7686 13.396 20.7828 -22.7711
0 0 259 54.7436 29.0833 29.1478 -5.4929
0 0 260 34.9605 -47.9244 2.37971 15.1386
0 0 261 32.859 -73.7115 20.1901 1.257
0 0 262 21.2925 -0.909752 -45.992 -5.87472
0 0 263 16.6865 -5.72569 -85.8101 -20.0109
0 0 264 2.14677 -13.5387 -15.7243 -23.2381
0 0 265 -7.42609 -48.072 6.20257 -18.3774
0 0 266 22.5224 -5.40816 41.034 -9.8866
0 0 267 18.5536 26.6851 -19.205 -18.5888
0 0 268 0.745738 -26.4852 -20.8834 -22.6648
0 0 269 0.619329 -20.7557 -39.731 -13.1547
0 0 270 6.43415 7.81409 7.00809 16.3704
0 0 271 -0.465684 5.22647 15.3704 4.92911
0 0 272 -15.4504 -0.633998 5.6934 -5.23836
0 0 273 -18.6765 -12.9009 6.11636 12.4006
0 0 274 -9.8463 -7.95679 36.2574 13.4199
0 0 275 -7.55514 -2.07683 13.1209 23.8629
0 0 276 -1.77981 -25.3599 12.0379 10.6177
0 0 277 -20.6517 -16.5943 -14.2803 -4.57986
0 0 278 -31.4544 -25.6162 16.6232 -8.23094
0 0 279 -17.5915 -7.46656 20.5726 2.80642
0 0 280 -13.391 -38.0112 39.9725 17.8346
0 0 281 -7.97913 -41.9163 16.6016 5.1416
0 0 282 -25.4895 -33.9584 -20.6275 -19.2473
0 0 283 -41.7883 -28.2484 -19.0353 -35.5914
0 0 284 -46.16 -45.398 -7.91426 -17.3791
0 0 285 -35.4442 -39.2841 -6.87436 -10.5661
0 0 286 -18.824 -7.36072 27.0653 -2.03329
0 0 287 -16.4486 15.1369 27.5556 1.00246
0 0 288 -9.48551 4.22651 7.87827 -6.02302
0 0 289 8.36453 13.1008 10.7016 -6.42698
0 0 290 -5.94079 -7.08496 34.1345 -12.0724
0 0 291 -5.34561 -35.1673 -26.188 -8.61276
0 0 292 -0.336641 -79.1876 -2.39415 -3.66681
0 0 293 -24.0252 -26.0396 27.8735 20.1266
0 0 294 -26.19 -58.7484 21.3566 16.0517
0 0 295 -18.2078 -30.7942 23.9241 -10.0559
0 0 296 -29.5424 -20.3741 5.20308 -17.7831
0 0 297 -35.5522 -20.5858 20.2521 -22.9825
0 0 298 -14.4102 -33.9584 9.95808 -13.3883
0 0 299 -26.5297 8.21798 -3.0946 -12.9002
0 0 300 -39.8369 3.82541 -15.2798 1.85131
0 0 301 -36.2711 9.55496 -27.6536 12.2944
0 0 302 -16.4275 2.21267 -45.27 -7.42414
0 0 303 -8.04234 29.295 -29.0545 1.42744
0 0 304 -21.6682 2.04276 -38.7531 12.1671
0 0 305 -31.6203 -18.3992 -45.7792 7.17908
0 0 306 -18.4843 -46.5233 -21.1798 -7.08437
0 0 307 -14.5998 -47.7545 37.5102 -4.8344
0 0 308 -9.90951 -4.15752 29.9533 6.81829
0 0 309 -19.1848 4.75852 36.4487 7.79442
0 0 310 -5.87758 -13.9203 59.0329 -1.01399
0 0 311 -1.77981 3.05943 0.512734 6.90351
0 0 312 -1.5902 -33.7885 -32.9178 0.450203
0 0 313 7.77199 -4.26336 -21.9018 -13.5587
0 0 314 8.87543 6.73336 3.57048 -20.6273
0 0 315 15.8595 14.5854 -10.4817 -7.31789
0 0 316 24.4132 39.5035 21.2084 6.77623
0 0 317 4.86194 41.0327 1.08657 9.06826
0 0 318 4.56699 47.5059 -8.35878 -8.16675
0 0 319 2.08357 24.9025 -8.35878 -19.099
0 0 320 -13.9651 26.5152 -30.4338 -5.53496
0 0 321 -10.3993 -39.7743 12.0379 -16.2325
0 0 322 -10.3124 2.65833 27.1084 -12.8792
0 0 323 -22.9428 25.3036 -19.3128 -23.641
0 0 324 -19.1216 41.1803 -37.3953 -39.518
0 0 325 0.980122 -21.7111 -35.232 -12.8161
0 0 326 -9.44338 14.6912 10.3622 -1.52309
0 0 327 2.27318 8.19569 -15.7243 -10.6724
0 0 328 6.47629 28.5959 -66.5611 -11.5212
0 0 329 -21.605 -4.04889 14.67 -17.8882
0 0 330 -7.51037 22.5655 15.3273 -14.3223
0 0 331 0.511354 -5.19647 -57.6249 2.46665
0 0 332 5.39391 2.84774 9.00439 6.98873
0 0 333 -5.36668 10.6162 10.0227 0.132573
0 0 334 -1.69554 22.248 26.5777 -10.544
0 0 335 -17.1069 14.7135 61.3256 -26.9102
0 0 336 -8.10554 17.3652 11.3374 -14.2803
0 0 337 -5.72747 -42.6182 29.4011 -3.70997
0 0 338 3.71636 17.8972 -60.2139 6.3092
0 0 339 -13.6254 27.1085 -64.2685 -10.4599
0 0 340 -5.60106 -19.778 -28.2678 -0.334464
0 0 341 -3.4363 1.57482 -61.1892 -1.56625
0 0 342 15.3276 -8.48602 -72.8436 -5.78951
0 0 343 -3.88137 7.7946 -48.7507 -23.8745
0 0 344 2.95263 -27.1871 3.3361 -7.46619
0 0 345 11.9093 5.24596 16.5397 12.4438
0 0 346 -0.63423 -7.65875 10.7232 28.2356
0 0 347 3.92967 -18.5274 -14.9404 6.41544
0 0 348 10.7426 25.4958 -20.1399 10.9785
0 0 349 12.3148 24.4763 1.6173 -11.394
0 0 350 -0.781707 -29.6912 32.9033 -19.4808
0 0 351 22.1405 -14.3437 8.32549 14.6506
0 0 352 12.8863 -4.36921 15.4997 4.16547
0 0 353 8.28026 -40.0696 -12.9441 -21.4762
0 0 354 -4.2843 -48.5177 9.27918 -21.9432
0 0 355 -15.0897 16.4544 12.5686 -3.8793
0 0 356 3.97181 20.2119 -0.209272 5.67172
0 0 357 9.13089 -16.0846 -35.5499 -15.1933
0 0 358 -12.7537 -16.7224 2.72186 -13.8133
0 0 359 -0.486752 13.6105 32.7336 0.0473553
0 0 360 12.5676 -1.97099 27.5125 9.81087
0 0 361 -1.84302 46.3388 -16.8908 -4.21906
0 0 362 -29.9901 16.5184 21.3566 -6.06619
0 0 363 0.830011 25.9414 13.0374 -0.992965
0 0 364 4.05608 44.0047 4.84208 6.75521
0 0 365 -9.67776 13.6105 3.27144 -7.80595
0 0 366 -16.4486 13.0785 14.969 -11.436
0 0 367 -17.444 1.9787 -2.31063 14.0352
0 0 368 16.3046 17.7914 22.4181 16.7102
0 0 369 0.0662884 37.5509 25.0286 4.88706
0 0 370 -6.32265 16.6661 -19.2481 7.98588
0 0 371 7.45333 43.9629 5.77691 0.153601
0 0 372 1.57267 34.3895 -25.4041 -12.0303
0 0 373 -8.65858 7.53834 -15.5115 -1.01399
0 0 374 -8.06341 -15.6612 30.6107 2.14902
0 0 375 4.22726 -26.8027 8.11266 -8.8673
0 0 376 -16.7646 -32.0254 1.21319 -18.1649
0 0 377 -4.47654 44.0465 26.1763 6.05465
0 0 378 1.5516 13.9698 14.3952 6.49955
0 0 379 8.79116 5.07605 48.122 -1.14127
0 0 380 7.75092 3.54966 17.1323 0.153601
0 0 381 22.2695 7.6024 -0.357445 -8.50651
0 0 382 15.3908 -26.4212 19.1906 0.00529978
0 0 383 5.33071 -6.55574 3.48427 -2.56341
0 0 384 5.64936 -23.7054 -19.461 -12.1366
0 0 385 -15.748 -55.0968 -42.8292 -16.6786
0 0 386 -4.77413 -35.6129 -0.0395471 -3.64578
0 0 387 1.82812 -59.6815 -21.9018 3.01891
0 0 388 -8.8482 -25.6162 -26.1261 6.43647
0 0 389 -6.98103 -45.2058 -69.8909 -1.20546
0 0 390 5.07526 -0.400025 -30.9861 -4.96168
0 0 391 -23.6433 -29.2038 -25.8486 1.19392
0 0 392 -3.45737 30.0164 14.5434 -9.92865
0 0 393 4.16406 17.3234 59.2027 -19.2893
0 0 394 -11.5028 19.8498 21.8227 -19.2473
0 0 395 -28.971 -25.9978 32.2675 -24.7654
0 0 396 -29.5872 -9.78122 -7.4455 -2.75487
0 0 397 -34.8042 17.7496 27.491 -13.5377
0 0 398 -18.1024 11.0201 6.49892 -6.42698
0 0 399 -17.6363 34.5594 22.9919 -8.65481
0 0 400 -5.85651 -17.6137 77.9021 -17.0604
0 0 401 16.3257 18.4487 -13.3886 -27.4614
0 0 402 3.16595 12.2289 -9.99407 -4.89859
0 0 403 -31.7941 35.6207 8.62183 1.51155
0 0 404 -16.1483 50.3721 16.0709 -9.01671
0 0 405 -10.61 23.0335 -18.9087 8.94099
0 0 406 1.68064 -41.2812 -15.5977 -3.75203
0 0 407 8.64105 -41.9386 -32.9393 -24.3415
0 0 408 -1.37688 -25.9755 15.0741 -1.35376
0 0 409 -3.3731 44.8124 21.6745 -4.30428
0 0 410 -13.37 23.4791 9.23608 9.19553
0 0 411 -27.1038 36.7042 -25.1912 15.7761
0 0 412 -39.8606 24.5209 39.6115 3.29448
0 0 413 -1.48223 2.46614 18.3204 9.11031
0 0 414 -14.347 8.08985 -34.1274 8.28249
0 0 415 15.4329 33.7962 -43.2953 12.1461
0 0 416 -3.30989 37.4674 -28.6935 12.3796
0 0 417 -10.3546 5.98966 -31.199 0.132573
0 0 418 2.20998 -21.9227 16.2002 3.29448
0 0 419 4.94885 -5.7062 35.2795 26.6652
0 0 420 -26.3374 4.07888 29.1882 20.4454
0 0 421 -16.9568 -29.2038 42.4133 14.4171
0 0 422 16.5364 -16.1904 15.3704 10.9574
0 0 423 -10.3335 45.8514 -77.278 -2.20261
0 0 424 3.05797 19.7021 -53.6754 7.03078
0 0 425 23.2229 20.0837 -10.9262 4.63251
0 0 426 11.3799 15.6466 -25.5953 14.0773
0 0 427 -9.52765 28.8911 -55.9896 8.81371
0 0 428 -12.9249 -8.35789 1.32095 -5.62018
0 0 429 -17.5309 -10.0152 55.9967 -0.611145
0 0 430 -6.1541 -1.43898 37.3404 -10.9269
0 0 431 -6.23837 -3.05172 5.88198 12.7824
0 0 432 -15.5769 6.07322 -13.0922 1.36325
0 0 433 -5.11386 4.33514 18.2369 9.30178
0 0 434 10.9349 39.0383 -33.8095 3.95298
0 0 435 8.8965 14.7358 23.3529 -32.2579
0 0 436 8.87543 -16.4049 -23.1114 -35.6533
0 0 437 -8.31886 21.2508 -6.15235 -8.67695
0 0 438 9.38371 7.15674 -10.8858 23.7567
0 0 439 7.8984 -22.0286 -25.4876 7.68817
0 0 440 13.9687 8.04807 -22.3463 -10.3747
0 0 441 -4.77413 2.23217 3.9719 -12.9002
0 0 442 -0.125959 0.365957 -2.28908 -7.99742
0 0 443 5.20166 8.15391 -27.3357 -7.95536
0 0 444 14.6692 -9.52775 1.25629 16.667
0 0 445 1.50946 -26.1872 -2.33219 -4.07076
0 0 446 -1.05823 -19.9061 -14.7491 -13.7922
0 0 447 4.29046 -6.34126 22.1433 3.95298
0 0 448 -0.931818 -8.38017 45.8941 9.11031
0 0 449 -1.12143 -9.46369 44.8326 -1.01399
0 0 450 3.58995 -0.124271 38.4854 -11.0962
0 0 451 29.1668 25.1782 13.1209 16.8795
0 0 452 15.4118 26.6628 33.1593 17.6432
0 0 453 21.016 -31.666 -22.7073 -10.523
0 0 454 0.427081 -26.4852 21.1007 -21.837
0 0 455 14.9246 7.30437 11.3374 -6.27757
0 0 456 25.0269 6.81692 -41.5765 8.96201
0 0 457 17.1315 -19.6499 -58.2607 -11.2235
0 0 458 19.191 -7.93451 12.2723 0.662694
0 0 459 17.6846 6.81692 56.1665 -5.59915
0 0 460 22.7357 3.35747 -2.0978 4.54729
0 0 461 24.7951 -28.9698 -22.3032 -6.70255
0 0 462 -6.38585 -22.3684 24.8158 -13.4104
0 0 463 -14.6867 -9.78122 -21.3495 -6.93607
0 0 464 -7.32075 -11.7338 -38.287 -7.27583
0 0 465 3.37663 16.3262 -70.5079 -32.7249
0 0 466 2.73932 -28.1843 -30.4554 -24.4688
0 0 467 -16.7646 -15.8088 13.8429 -9.33434
0 0 468 -3.39417 5.03427 -2.94643 -6.40595
0 0 469 11.1455 30.9496 -18.6528 -11.6485
0 0 470 6.56056 21.5043 21.7607 -9.54683
0 0 471 7.02933 27.2143 8.11266 -6.42698
0 0 472 14.3927 -5.77026 -14.7895 -1.79977
0 0 473 -3.33096 8.93939 23.6277 -11.6695
0 0 474 -14.3259 -37.0558 24.1369 -14.3013
0 0 475 4.3326 -26.1036 50.4362 -11.9883
0 0 476 7.0504 -19.9702 37.723 -20.6694
0 0 477 9.21516 4.01482 14.4383 0.153601
0 0 478 -11.2052 -1.86514 47.656 14.0352
0 0 479 10.7426 -12.9009 58.1843 13.2284
0 0 480 10.5293 22.9499 53.3 24.6487
0 0 481 -3.81816 38.1665 49.3532 9.70463
0 0 482 -8.86927 3.25162 29.6974 15.754
0 0 483 5.2675 6.60523 2.42282 -14.7894
0 0 484 8.19598 3.71957 4.54573 -15.4899
0 0 485 15.8148 -47.3088 -9.20741 -8.719
0 0 486 17.9163 -14.6835 6.09481 -9.71616
0 0 487 38.6764 -18.9507 29.4873 6.79726
0 0 488 5.20166 -60.6369 -1.80146 23.438
0 0 489 8.34346 -26.1872 -13.2404 13.1222
